Graph 3862, order 8.
  0 : 4 5 6 7;
  1 : 4 6 7;
  2 : 5 6 7;
  3 : 5 6 7;
  4 : 0 1 5;
  5 : 0 2 3 4 7;
  6 : 0 1 2 3 7;
  7 : 0 1 2 3 5 6;

Graph 3863, order 8.
  0 : 4 5 6 7;
  1 : 4 6 7;
  2 : 5 6 7;
  3 : 5 6 7;
  4 : 0 1 5 7;
  5 : 0 2 3 4;
  6 : 0 1 2 3;
  7 : 0 1 2 3 4;

Graph 3864, order 8.
  0 : 4 5 6 7;
  1 : 4 6 7;
  2 : 5 6 7;
  3 : 5 6 7;
  4 : 0 1 5 7;
  5 : 0 2 3 4;
  6 : 0 1 2 3 7;
  7 : 0 1 2 3 4 6;

Graph 3865, order 8.
  0 : 4 5 6 7;
  1 : 4 6 7;
  2 : 5 6 7;
  3 : 5 6 7;
  4 : 0 1 5 7;
  5 : 0 2 3 4 7;
  6 : 0 1 2 3;
  7 : 0 1 2 3 4 5;

Graph 3866, order 8.
  0 : 4 5 6 7;
  1 : 4 6 7;
  2 : 5 6 7;
  3 : 5 6 7;
  4 : 0 1 5 7;
  5 : 0 2 3 4 7;
  6 : 0 1 2 3 7;
  7 : 0 1 2 3 4 5 6;

Graph 3867, order 8.
  0 : 4 5 6 7;
  1 : 4 6 7;
  2 : 5 6 7;
  3 : 5 6 7;
  4 : 0 1 5;
  5 : 0 2 3 4 6 7;
  6 : 0 1 2 3 5 7;
  7 : 0 1 2 3 5 6;

Graph 3868, order 8.
  0 : 4 5 6 7;
  1 : 4 6 7;
  2 : 5 6 7;
  3 : 5 6 7;
  4 : 0 1 5 7;
  5 : 0 2 3 4 6 7;
  6 : 0 1 2 3 5;
  7 : 0 1 2 3 4 5;

Graph 3869, order 8.
  0 : 4 5 6 7;
  1 : 4 6 7;
  2 : 5 6 7;
  3 : 5 6 7;
  4 : 0 1 5 7;
  5 : 0 2 3 4 6 7;
  6 : 0 1 2 3 5 7;
  7 : 0 1 2 3 4 5 6;

Graph 3870, order 8.
  0 : 4 5 6;
  1 : 4 6 7;
  2 : 5 6 7;
  3 : 5 6 7;
  4 : 0 1 5 6 7;
  5 : 0 2 3 4 7;
  6 : 0 1 2 3 4 7;
  7 : 1 2 3 4 5 6;

Graph 3871, order 8.
  0 : 4 5 6 7;
  1 : 4 6 7;
  2 : 5 6 7;
  3 : 5 6 7;
  4 : 0 1 5 6;
  5 : 0 2 3 4 7;
  6 : 0 1 2 3 4;
  7 : 0 1 2 3 5;

Graph 3872, order 8.
  0 : 4 5 6 7;
  1 : 4 6 7;
  2 : 5 6 7;
  3 : 5 6 7;
  4 : 0 1 5 6;
  5 : 0 2 3 4 7;
  6 : 0 1 2 3 4 7;
  7 : 0 1 2 3 5 6;

Graph 3873, order 8.
  0 : 4 5 6 7;
  1 : 4 6 7;
  2 : 5 6 7;
  3 : 5 6 7;
  4 : 0 1 5 6 7;
  5 : 0 2 3 4;
  6 : 0 1 2 3 4 7;
  7 : 0 1 2 3 4 6;

Graph 3874, order 8.
  0 : 4 5 6 7;
  1 : 4 6 7;
  2 : 5 6 7;
  3 : 5 6 7;
  4 : 0 1 5 6 7;
  5 : 0 2 3 4 7;
  6 : 0 1 2 3 4;
  7 : 0 1 2 3 4 5;

Graph 3875, order 8.
  0 : 4 5 6 7;
  1 : 4 6 7;
  2 : 5 6 7;
  3 : 5 6 7;
  4 : 0 1 5 6 7;
  5 : 0 2 3 4 7;
  6 : 0 1 2 3 4 7;
  7 : 0 1 2 3 4 5 6;

Graph 3876, order 8.
  0 : 4 5 6 7;
  1 : 4 6 7;
  2 : 5 6 7;
  3 : 5 6 7;
  4 : 0 1 5 6 7;
  5 : 0 2 3 4 6 7;
  6 : 0 1 2 3 4 5 7;
  7 : 0 1 2 3 4 5 6;

Graph 3877, order 8.
  0 : 4 5 7;
  1 : 4 5;
  2 : 6;
  3 : 6;
  4 : 0 1 7;
  5 : 0 1;
  6 : 2 3 7;
  7 : 0 4 6;

Graph 3878, order 8.
  0 : 4 5 7;
  1 : 4 5;
  2 : 6 7;
  3 : 6;
  4 : 0 1;
  5 : 0 1;
  6 : 2 3 7;
  7 : 0 2 6;

Graph 3879, order 8.
  0 : 4 5 7;
  1 : 4 5;
  2 : 6 7;
  3 : 6;
  4 : 0 1 7;
  5 : 0 1;
  6 : 2 3 7;
  7 : 0 2 4 6;

Graph 3880, order 8.
  0 : 4 5 7;
  1 : 4 5;
  2 : 6 7;
  3 : 6 7;
  4 : 0 1;
  5 : 0 1;
  6 : 2 3;
  7 : 0 2 3;

Graph 3881, order 8.
  0 : 4 5 7;
  1 : 4 5;
  2 : 6 7;
  3 : 6 7;
  4 : 0 1;
  5 : 0 1;
  6 : 2 3 7;
  7 : 0 2 3 6;

Graph 3882, order 8.
  0 : 4 5 7;
  1 : 4 5;
  2 : 6 7;
  3 : 6 7;
  4 : 0 1 7;
  5 : 0 1;
  6 : 2 3;
  7 : 0 2 3 4;

Graph 3883, order 8.
  0 : 4 5 7;
  1 : 4 5;
  2 : 6 7;
  3 : 6 7;
  4 : 0 1 7;
  5 : 0 1;
  6 : 2 3 7;
  7 : 0 2 3 4 6;

Graph 3884, order 8.
  0 : 4 5 7;
  1 : 4 5 7;
  2 : 6;
  3 : 6;
  4 : 0 1;
  5 : 0 1;
  6 : 2 3 7;
  7 : 0 1 6;

Graph 3885, order 8.
  0 : 4 5 7;
  1 : 4 5 7;
  2 : 6;
  3 : 6;
  4 : 0 1 7;
  5 : 0 1;
  6 : 2 3 7;
  7 : 0 1 4 6;

Graph 3886, order 8.
  0 : 4 5 7;
  1 : 4 5 7;
  2 : 6;
  3 : 6;
  4 : 0 1 7;
  5 : 0 1 7;
  6 : 2 3 7;
  7 : 0 1 4 5 6;

Graph 3887, order 8.
  0 : 4 5 7;
  1 : 4 5 7;
  2 : 6 7;
  3 : 6;
  4 : 0 1;
  5 : 0 1;
  6 : 2 3;
  7 : 0 1 2;

Graph 3888, order 8.
  0 : 4 5 7;
  1 : 4 5 7;
  2 : 6 7;
  3 : 6;
  4 : 0 1;
  5 : 0 1;
  6 : 2 3 7;
  7 : 0 1 2 6;

Graph 3889, order 8.
  0 : 4 5 7;
  1 : 4 5 7;
  2 : 6 7;
  3 : 6;
  4 : 0 1 7;
  5 : 0 1;
  6 : 2 3;
  7 : 0 1 2 4;

Graph 3890, order 8.
  0 : 4 5 7;
  1 : 4 5 7;
  2 : 6 7;
  3 : 6;
  4 : 0 1 7;
  5 : 0 1;
  6 : 2 3 7;
  7 : 0 1 2 4 6;

Graph 3891, order 8.
  0 : 4 5 7;
  1 : 4 5 7;
  2 : 6 7;
  3 : 6;
  4 : 0 1 7;
  5 : 0 1 7;
  6 : 2 3;
  7 : 0 1 2 4 5;

Graph 3892, order 8.
  0 : 4 5 7;
  1 : 4 5 7;
  2 : 6 7;
  3 : 6;
  4 : 0 1 7;
  5 : 0 1 7;
  6 : 2 3 7;
  7 : 0 1 2 4 5 6;

Graph 3893, order 8.
  0 : 4 5 7;
  1 : 4 5 7;
  2 : 6 7;
  3 : 6 7;
  4 : 0 1;
  5 : 0 1;
  6 : 2 3;
  7 : 0 1 2 3;

Graph 3894, order 8.
  0 : 4 5 7;
  1 : 4 5 7;
  2 : 6 7;
  3 : 6 7;
  4 : 0 1;
  5 : 0 1;
  6 : 2 3 7;
  7 : 0 1 2 3 6;

Graph 3895, order 8.
  0 : 4 5 7;
  1 : 4 5 7;
  2 : 6 7;
  3 : 6 7;
  4 : 0 1 7;
  5 : 0 1;
  6 : 2 3;
  7 : 0 1 2 3 4;

Graph 3896, order 8.
  0 : 4 5 7;
  1 : 4 5 7;
  2 : 6 7;
  3 : 6 7;
  4 : 0 1 7;
  5 : 0 1;
  6 : 2 3 7;
  7 : 0 1 2 3 4 6;

Graph 3897, order 8.
  0 : 4 5 7;
  1 : 4 5 7;
  2 : 6 7;
  3 : 6 7;
  4 : 0 1 7;
  5 : 0 1 7;
  6 : 2 3;
  7 : 0 1 2 3 4 5;

Graph 3898, order 8.
  0 : 4 5 7;
  1 : 4 5 7;
  2 : 6 7;
  3 : 6 7;
  4 : 0 1 7;
  5 : 0 1 7;
  6 : 2 3 7;
  7 : 0 1 2 3 4 5 6;

Graph 3899, order 8.
  0 : 4 5 6;
  1 : 4 5 7;
  2 : 6 7;
  3 : 6 7;
  4 : 0 1 6;
  5 : 0 1 7;
  6 : 0 2 3 4;
  7 : 1 2 3 5;

Graph 3900, order 8.
  0 : 4 5 6;
  1 : 4 5 7;
  2 : 6 7;
  3 : 6 7;
  4 : 0 1 6;
  5 : 0 1 7;
  6 : 0 2 3 4 7;
  7 : 1 2 3 5 6;

Graph 3901, order 8.
  0 : 4 5 6;
  1 : 4 5 7;
  2 : 6 7;
  3 : 6 7;
  4 : 0 1 6 7;
  5 : 0 1;
  6 : 0 2 3 4 7;
  7 : 1 2 3 4 6;

Graph 3902, order 8.
  0 : 4 5 6 7;
  1 : 4 5;
  2 : 6 7;
  3 : 6 7;
  4 : 0 1 6 7;
  5 : 0 1;
  6 : 0 2 3 4 7;
  7 : 0 2 3 4 6;

Graph 3903, order 8.
  0 : 4 5 6 7;
  1 : 4 5 7;
  2 : 6;
  3 : 6;
  4 : 0 1 6 7;
  5 : 0 1 7;
  6 : 0 2 3 4 7;
  7 : 0 1 4 5 6;

Graph 3904, order 8.
  0 : 4 5 6 7;
  1 : 4 5 7;
  2 : 6 7;
  3 : 6;
  4 : 0 1 6;
  5 : 0 1 7;
  6 : 0 2 3 4 7;
  7 : 0 1 2 5 6;

Graph 3905, order 8.
  0 : 4 5 6 7;
  1 : 4 5 7;
  2 : 6 7;
  3 : 6;
  4 : 0 1 6 7;
  5 : 0 1;
  6 : 0 2 3 4 7;
  7 : 0 1 2 4 6;

Graph 3906, order 8.
  0 : 4 5 6 7;
  1 : 4 5 7;
  2 : 6 7;
  3 : 6;
  4 : 0 1 6 7;
  5 : 0 1 7;
  6 : 0 2 3 4;
  7 : 0 1 2 4 5;

Graph 3907, order 8.
  0 : 4 5 6 7;
  1 : 4 5 7;
  2 : 6 7;
  3 : 6;
  4 : 0 1 6 7;
  5 : 0 1 7;
  6 : 0 2 3 4 7;
  7 : 0 1 2 4 5 6;

Graph 3908, order 8.
  0 : 4 5 6 7;
  1 : 4 5 7;
  2 : 6 7;
  3 : 6 7;
  4 : 0 1 6;
  5 : 0 1 7;
  6 : 0 2 3 4;
  7 : 0 1 2 3 5;

Graph 3909, order 8.
  0 : 4 5 6 7;
  1 : 4 5 7;
  2 : 6 7;
  3 : 6 7;
  4 : 0 1 6;
  5 : 0 1 7;
  6 : 0 2 3 4 7;
  7 : 0 1 2 3 5 6;

Graph 3910, order 8.
  0 : 4 5 6 7;
  1 : 4 5 7;
  2 : 6 7;
  3 : 6 7;
  4 : 0 1 6 7;
  5 : 0 1;
  6 : 0 2 3 4;
  7 : 0 1 2 3 4;

Graph 3911, order 8.
  0 : 4 5 6 7;
  1 : 4 5 7;
  2 : 6 7;
  3 : 6 7;
  4 : 0 1 6 7;
  5 : 0 1;
  6 : 0 2 3 4 7;
  7 : 0 1 2 3 4 6;

Graph 3912, order 8.
  0 : 4 5 6 7;
  1 : 4 5 7;
  2 : 6 7;
  3 : 6 7;
  4 : 0 1 6 7;
  5 : 0 1 7;
  6 : 0 2 3 4;
  7 : 0 1 2 3 4 5;

Graph 3913, order 8.
  0 : 4 5 6 7;
  1 : 4 5 7;
  2 : 6 7;
  3 : 6 7;
  4 : 0 1 6 7;
  5 : 0 1 7;
  6 : 0 2 3 4 7;
  7 : 0 1 2 3 4 5 6;

Graph 3914, order 8.
  0 : 4 5 6 7;
  1 : 4 5 6 7;
  2 : 7;
  3 : 7;
  4 : 0 1 6 7;
  5 : 0 1 6;
  6 : 0 1 4 5;
  7 : 0 1 2 3 4;

Graph 3915, order 8.
  0 : 4 5 6 7;
  1 : 4 5 6 7;
  2 : 7;
  3 : 7;
  4 : 0 1 6 7;
  5 : 0 1 6;
  6 : 0 1 4 5 7;
  7 : 0 1 2 3 4 6;

Graph 3916, order 8.
  0 : 4 5 6 7;
  1 : 4 5 6 7;
  2 : 7;
  3 : 7;
  4 : 0 1 6 7;
  5 : 0 1 6 7;
  6 : 0 1 4 5;
  7 : 0 1 2 3 4 5;

Graph 3917, order 8.
  0 : 4 5 6 7;
  1 : 4 5 6 7;
  2 : 7;
  3 : 7;
  4 : 0 1 6 7;
  5 : 0 1 6 7;
  6 : 0 1 4 5 7;
  7 : 0 1 2 3 4 5 6;

Graph 3918, order 8.
  0 : 4 5 6 7;
  1 : 4 5 6;
  2 : 6;
  3 : 7;
  4 : 0 1 6 7;
  5 : 0 1 7;
  6 : 0 1 2 4 7;
  7 : 0 3 4 5 6;

Graph 3919, order 8.
  0 : 4 5 6 7;
  1 : 4 5 6;
  2 : 6 7;
  3 : 7;
  4 : 0 1 6 7;
  5 : 0 1 7;
  6 : 0 1 2 4;
  7 : 0 2 3 4 5;

Graph 3920, order 8.
  0 : 4 5 6 7;
  1 : 4 5 6;
  2 : 6 7;
  3 : 7;
  4 : 0 1 6 7;
  5 : 0 1 7;
  6 : 0 1 2 4 7;
  7 : 0 2 3 4 5 6;

Graph 3921, order 8.
  0 : 4 5 6 7;
  1 : 4 5 6 7;
  2 : 6;
  3 : 7;
  4 : 0 1 6;
  5 : 0 1 7;
  6 : 0 1 2 4 7;
  7 : 0 1 3 5 6;

Graph 3922, order 8.
  0 : 4 5 6 7;
  1 : 4 5 6 7;
  2 : 6;
  3 : 7;
  4 : 0 1 6 7;
  5 : 0 1;
  6 : 0 1 2 4 7;
  7 : 0 1 3 4 6;

Graph 3923, order 8.
  0 : 4 5 6 7;
  1 : 4 5 6 7;
  2 : 6;
  3 : 7;
  4 : 0 1 6 7;
  5 : 0 1 7;
  6 : 0 1 2 4;
  7 : 0 1 3 4 5;

Graph 3924, order 8.
  0 : 4 5 6 7;
  1 : 4 5 6 7;
  2 : 6;
  3 : 7;
  4 : 0 1 6 7;
  5 : 0 1 7;
  6 : 0 1 2 4 7;
  7 : 0 1 3 4 5 6;

Graph 3925, order 8.
  0 : 4 5 6 7;
  1 : 4 5 6 7;
  2 : 6 7;
  3 : 7;
  4 : 0 1 6;
  5 : 0 1;
  6 : 0 1 2 4;
  7 : 0 1 2 3;

Graph 3926, order 8.
  0 : 4 5 6 7;
  1 : 4 5 6 7;
  2 : 6 7;
  3 : 7;
  4 : 0 1 6;
  5 : 0 1 7;
  6 : 0 1 2 4;
  7 : 0 1 2 3 5;

Graph 3927, order 8.
  0 : 4 5 6 7;
  1 : 4 5 6 7;
  2 : 6 7;
  3 : 7;
  4 : 0 1 6;
  5 : 0 1 7;
  6 : 0 1 2 4 7;
  7 : 0 1 2 3 5 6;

Graph 3928, order 8.
  0 : 4 5 6 7;
  1 : 4 5 6 7;
  2 : 6 7;
  3 : 7;
  4 : 0 1 6 7;
  5 : 0 1;
  6 : 0 1 2 4;
  7 : 0 1 2 3 4;

Graph 3929, order 8.
  0 : 4 5 6 7;
  1 : 4 5 6 7;
  2 : 6 7;
  3 : 7;
  4 : 0 1 6 7;
  5 : 0 1;
  6 : 0 1 2 4 7;
  7 : 0 1 2 3 4 6;

Graph 3930, order 8.
  0 : 4 5 6 7;
  1 : 4 5 6 7;
  2 : 6 7;
  3 : 7;
  4 : 0 1 6 7;
  5 : 0 1 7;
  6 : 0 1 2 4;
  7 : 0 1 2 3 4 5;

Graph 3931, order 8.
  0 : 4 5 6 7;
  1 : 4 5 6 7;
  2 : 6 7;
  3 : 7;
  4 : 0 1 6 7;
  5 : 0 1 7;
  6 : 0 1 2 4 7;
  7 : 0 1 2 3 4 5 6;

Graph 3932, order 8.
  0 : 4 5 6 7;
  1 : 4 5 6 7;
  2 : 6;
  3 : 7;
  4 : 0 1 6 7;
  5 : 0 1 6 7;
  6 : 0 1 2 4 5;
  7 : 0 1 3 4 5;

Graph 3933, order 8.
  0 : 4 5 6 7;
  1 : 4 5 6 7;
  2 : 6;
  3 : 7;
  4 : 0 1 6 7;
  5 : 0 1 6 7;
  6 : 0 1 2 4 5 7;
  7 : 0 1 3 4 5 6;

Graph 3934, order 8.
  0 : 4 5 6 7;
  1 : 4 5 6 7;
  2 : 6 7;
  3 : 7;
  4 : 0 1 6 7;
  5 : 0 1 6 7;
  6 : 0 1 2 4 5;
  7 : 0 1 2 3 4 5;

Graph 3935, order 8.
  0 : 4 5 6 7;
  1 : 4 5 6 7;
  2 : 6 7;
  3 : 7;
  4 : 0 1 6 7;
  5 : 0 1 6 7;
  6 : 0 1 2 4 5 7;
  7 : 0 1 2 3 4 5 6;

Graph 3936, order 8.
  0 : 4 5 6;
  1 : 4 5 6;
  2 : 6 7;
  3 : 6 7;
  4 : 0 1 7;
  5 : 0 1 7;
  6 : 0 1 2 3;
  7 : 2 3 4 5;

Graph 3937, order 8.
  0 : 4 5 6;
  1 : 4 5 6;
  2 : 6 7;
  3 : 6 7;
  4 : 0 1 7;
  5 : 0 1 7;
  6 : 0 1 2 3 7;
  7 : 2 3 4 5 6;

Graph 3938, order 8.
  0 : 4 5 6 7;
  1 : 4 5 6;
  2 : 6 7;
  3 : 6;
  4 : 0 1 7;
  5 : 0 1 7;
  6 : 0 1 2 3 7;
  7 : 0 2 4 5 6;

Graph 3939, order 8.
  0 : 4 5 6 7;
  1 : 4 5 6;
  2 : 6 7;
  3 : 6 7;
  4 : 0 1 7;
  5 : 0 1;
  6 : 0 1 2 3 7;
  7 : 0 2 3 4 6;

Graph 3940, order 8.
  0 : 4 5 6 7;
  1 : 4 5 6;
  2 : 6 7;
  3 : 6 7;
  4 : 0 1 7;
  5 : 0 1 7;
  6 : 0 1 2 3;
  7 : 0 2 3 4 5;

Graph 3941, order 8.
  0 : 4 5 6 7;
  1 : 4 5 6;
  2 : 6 7;
  3 : 6 7;
  4 : 0 1 7;
  5 : 0 1 7;
  6 : 0 1 2 3 7;
  7 : 0 2 3 4 5 6;

Graph 3942, order 8.
  0 : 4 5 6 7;
  1 : 4 5 6 7;
  2 : 6;
  3 : 6;
  4 : 0 1 7;
  5 : 0 1 7;
  6 : 0 1 2 3;
  7 : 0 1 4 5;

Graph 3943, order 8.
  0 : 4 5 6 7;
  1 : 4 5 6 7;
  2 : 6;
  3 : 6;
  4 : 0 1 7;
  5 : 0 1 7;
  6 : 0 1 2 3 7;
  7 : 0 1 4 5 6;

Graph 3944, order 8.
  0 : 4 5 6 7;
  1 : 4 5 6 7;
  2 : 6 7;
  3 : 6;
  4 : 0 1 7;
  5 : 0 1;
  6 : 0 1 2 3 7;
  7 : 0 1 2 4 6;

Graph 3945, order 8.
  0 : 4 5 6 7;
  1 : 4 5 6 7;
  2 : 6 7;
  3 : 6;
  4 : 0 1 7;
  5 : 0 1 7;
  6 : 0 1 2 3;
  7 : 0 1 2 4 5;

Graph 3946, order 8.
  0 : 4 5 6 7;
  1 : 4 5 6 7;
  2 : 6 7;
  3 : 6;
  4 : 0 1 7;
  5 : 0 1 7;
  6 : 0 1 2 3 7;
  7 : 0 1 2 4 5 6;

Graph 3947, order 8.
  0 : 4 5 6 7;
  1 : 4 5 6 7;
  2 : 6 7;
  3 : 6 7;
  4 : 0 1;
  5 : 0 1;
  6 : 0 1 2 3;
  7 : 0 1 2 3;

Graph 3948, order 8.
  0 : 4 5 6 7;
  1 : 4 5 6 7;
  2 : 6 7;
  3 : 6 7;
  4 : 0 1;
  5 : 0 1;
  6 : 0 1 2 3 7;
  7 : 0 1 2 3 6;

Graph 3949, order 8.
  0 : 4 5 6 7;
  1 : 4 5 6 7;
  2 : 6 7;
  3 : 6 7;
  4 : 0 1 7;
  5 : 0 1;
  6 : 0 1 2 3;
  7 : 0 1 2 3 4;

Graph 3950, order 8.
  0 : 4 5 6 7;
  1 : 4 5 6 7;
  2 : 6 7;
  3 : 6 7;
  4 : 0 1 7;
  5 : 0 1;
  6 : 0 1 2 3 7;
  7 : 0 1 2 3 4 6;

Graph 3951, order 8.
  0 : 4 5 6 7;
  1 : 4 5 6 7;
  2 : 6 7;
  3 : 6 7;
  4 : 0 1 7;
  5 : 0 1 7;
  6 : 0 1 2 3;
  7 : 0 1 2 3 4 5;

Graph 3952, order 8.
  0 : 4 5 6 7;
  1 : 4 5 6 7;
  2 : 6 7;
  3 : 6 7;
  4 : 0 1 7;
  5 : 0 1 7;
  6 : 0 1 2 3 7;
  7 : 0 1 2 3 4 5 6;

Graph 3953, order 8.
  0 : 4 5 6 7;
  1 : 4 5 6;
  2 : 6 7;
  3 : 6 7;
  4 : 0 1 6 7;
  5 : 0 1 7;
  6 : 0 1 2 3 4;
  7 : 0 2 3 4 5;

Graph 3954, order 8.
  0 : 4 5 6 7;
  1 : 4 5 6;
  2 : 6 7;
  3 : 6 7;
  4 : 0 1 6 7;
  5 : 0 1 7;
  6 : 0 1 2 3 4 7;
  7 : 0 2 3 4 5 6;

Graph 3955, order 8.
  0 : 4 5 6 7;
  1 : 4 5 6 7;
  2 : 6 7;
  3 : 6;
  4 : 0 1 6 7;
  5 : 0 1 7;
  6 : 0 1 2 3 4;
  7 : 0 1 2 4 5;

Graph 3956, order 8.
  0 : 4 5 6 7;
  1 : 4 5 6 7;
  2 : 6 7;
  3 : 6;
  4 : 0 1 6 7;
  5 : 0 1 7;
  6 : 0 1 2 3 4 7;
  7 : 0 1 2 4 5 6;

Graph 3957, order 8.
  0 : 4 5 6 7;
  1 : 4 5 6 7;
  2 : 6 7;
  3 : 6 7;
  4 : 0 1 6;
  5 : 0 1 7;
  6 : 0 1 2 3 4;
  7 : 0 1 2 3 5;

Graph 3958, order 8.
  0 : 4 5 6 7;
  1 : 4 5 6 7;
  2 : 6 7;
  3 : 6 7;
  4 : 0 1 6;
  5 : 0 1 7;
  6 : 0 1 2 3 4 7;
  7 : 0 1 2 3 5 6;

Graph 3959, order 8.
  0 : 4 5 6 7;
  1 : 4 5 6 7;
  2 : 6 7;
  3 : 6 7;
  4 : 0 1 6 7;
  5 : 0 1;
  6 : 0 1 2 3 4;
  7 : 0 1 2 3 4;

Graph 3960, order 8.
  0 : 4 5 6 7;
  1 : 4 5 6 7;
  2 : 6 7;
  3 : 6 7;
  4 : 0 1 6 7;
  5 : 0 1;
  6 : 0 1 2 3 4 7;
  7 : 0 1 2 3 4 6;

Graph 3961, order 8.
  0 : 4 5 6 7;
  1 : 4 5 6 7;
  2 : 6 7;
  3 : 6 7;
  4 : 0 1 6 7;
  5 : 0 1 7;
  6 : 0 1 2 3 4;
  7 : 0 1 2 3 4 5;

Graph 3962, order 8.
  0 : 4 5 6 7;
  1 : 4 5 6 7;
  2 : 6 7;
  3 : 6 7;
  4 : 0 1 6 7;
  5 : 0 1 7;
  6 : 0 1 2 3 4 7;
  7 : 0 1 2 3 4 5 6;

Graph 3963, order 8.
  0 : 4 5 6 7;
  1 : 4 5 6 7;
  2 : 6 7;
  3 : 6 7;
  4 : 0 1 6 7;
  5 : 0 1 6 7;
  6 : 0 1 2 3 4 5;
  7 : 0 1 2 3 4 5;

Graph 3964, order 8.
  0 : 4 5 6 7;
  1 : 4 5 6 7;
  2 : 6 7;
  3 : 6 7;
  4 : 0 1 6 7;
  5 : 0 1 6 7;
  6 : 0 1 2 3 4 5 7;
  7 : 0 1 2 3 4 5 6;

Graph 3965, order 8.
  0 : 4 5 6;
  1 : 4 5;
  2 : 6 7;
  3 : 6;
  4 : 0 1 5 7;
  5 : 0 1 4 7;
  6 : 0 2 3 7;
  7 : 2 4 5 6;

Graph 3966, order 8.
  0 : 4 5 6;
  1 : 4 5;
  2 : 6 7;
  3 : 6 7;
  4 : 0 1 5 7;
  5 : 0 1 4;
  6 : 0 2 3 7;
  7 : 2 3 4 6;

Graph 3967, order 8.
  0 : 4 5 6;
  1 : 4 5;
  2 : 6 7;
  3 : 6 7;
  4 : 0 1 5 7;
  5 : 0 1 4 7;
  6 : 0 2 3;
  7 : 2 3 4 5;

Graph 3968, order 8.
  0 : 4 5 6;
  1 : 4 5;
  2 : 6 7;
  3 : 6 7;
  4 : 0 1 5 7;
  5 : 0 1 4 7;
  6 : 0 2 3 7;
  7 : 2 3 4 5 6;

Graph 3969, order 8.
  0 : 4 5 6;
  1 : 4 5 7;
  2 : 6;
  3 : 6;
  4 : 0 1 5 7;
  5 : 0 1 4 7;
  6 : 0 2 3 7;
  7 : 1 4 5 6;

Graph 3970, order 8.
  0 : 4 5 6;
  1 : 4 5 7;
  2 : 6 7;
  3 : 6;
  4 : 0 1 5 7;
  5 : 0 1 4;
  6 : 0 2 3 7;
  7 : 1 2 4 6;

Graph 3971, order 8.
  0 : 4 5 6;
  1 : 4 5 7;
  2 : 6 7;
  3 : 6;
  4 : 0 1 5 7;
  5 : 0 1 4 7;
  6 : 0 2 3 7;
  7 : 1 2 4 5 6;

Graph 3972, order 8.
  0 : 4 5 6;
  1 : 4 5 7;
  2 : 6 7;
  3 : 6 7;
  4 : 0 1 5;
  5 : 0 1 4;
  6 : 0 2 3 7;
  7 : 1 2 3 6;

Graph 3973, order 8.
  0 : 4 5 6;
  1 : 4 5 7;
  2 : 6 7;
  3 : 6 7;
  4 : 0 1 5 7;
  5 : 0 1 4;
  6 : 0 2 3 7;
  7 : 1 2 3 4 6;

Graph 3974, order 8.
  0 : 4 5 6;
  1 : 4 5 7;
  2 : 6 7;
  3 : 6 7;
  4 : 0 1 5 7;
  5 : 0 1 4 7;
  6 : 0 2 3;
  7 : 1 2 3 4 5;

Graph 3975, order 8.
  0 : 4 5 6;
  1 : 4 5 7;
  2 : 6 7;
  3 : 6 7;
  4 : 0 1 5 7;
  5 : 0 1 4 7;
  6 : 0 2 3 7;
  7 : 1 2 3 4 5 6;

Graph 3976, order 8.
  0 : 4 5 6 7;
  1 : 4 5;
  2 : 6;
  3 : 6;
  4 : 0 1 5 7;
  5 : 0 1 4 7;
  6 : 0 2 3 7;
  7 : 0 4 5 6;

Graph 3977, order 8.
  0 : 4 5 6 7;
  1 : 4 5;
  2 : 6 7;
  3 : 6;
  4 : 0 1 5 7;
  5 : 0 1 4 7;
  6 : 0 2 3;
  7 : 0 2 4 5;

Graph 3978, order 8.
  0 : 4 5 6 7;
  1 : 4 5;
  2 : 6 7;
  3 : 6;
  4 : 0 1 5 7;
  5 : 0 1 4 7;
  6 : 0 2 3 7;
  7 : 0 2 4 5 6;

Graph 3979, order 8.
  0 : 4 5 6 7;
  1 : 4 5;
  2 : 6 7;
  3 : 6 7;
  4 : 0 1 5 7;
  5 : 0 1 4;
  6 : 0 2 3 7;
  7 : 0 2 3 4 6;

Graph 3980, order 8.
  0 : 4 5 6 7;
  1 : 4 5;
  2 : 6 7;
  3 : 6 7;
  4 : 0 1 5 7;
  5 : 0 1 4 7;
  6 : 0 2 3;
  7 : 0 2 3 4 5;

Graph 3981, order 8.
  0 : 4 5 6 7;
  1 : 4 5;
  2 : 6 7;
  3 : 6 7;
  4 : 0 1 5 7;
  5 : 0 1 4 7;
  6 : 0 2 3 7;
  7 : 0 2 3 4 5 6;

Graph 3982, order 8.
  0 : 4 5 6 7;
  1 : 4 5 7;
  2 : 6;
  3 : 6;
  4 : 0 1 5 7;
  5 : 0 1 4;
  6 : 0 2 3 7;
  7 : 0 1 4 6;

Graph 3983, order 8.
  0 : 4 5 6 7;
  1 : 4 5 7;
  2 : 6;
  3 : 6;
  4 : 0 1 5 7;
  5 : 0 1 4 7;
  6 : 0 2 3;
  7 : 0 1 4 5;

Graph 3984, order 8.
  0 : 4 5 6 7;
  1 : 4 5 7;
  2 : 6;
  3 : 6;
  4 : 0 1 5 7;
  5 : 0 1 4 7;
  6 : 0 2 3 7;
  7 : 0 1 4 5 6;

Graph 3985, order 8.
  0 : 4 5 6 7;
  1 : 4 5 7;
  2 : 6 7;
  3 : 6;
  4 : 0 1 5 7;
  5 : 0 1 4;
  6 : 0 2 3 7;
  7 : 0 1 2 4 6;

Graph 3986, order 8.
  0 : 4 5 6 7;
  1 : 4 5 7;
  2 : 6 7;
  3 : 6;
  4 : 0 1 5 7;
  5 : 0 1 4 7;
  6 : 0 2 3;
  7 : 0 1 2 4 5;

Graph 3987, order 8.
  0 : 4 5 6 7;
  1 : 4 5 7;
  2 : 6 7;
  3 : 6;
  4 : 0 1 5 7;
  5 : 0 1 4 7;
  6 : 0 2 3 7;
  7 : 0 1 2 4 5 6;

Graph 3988, order 8.
  0 : 4 5 6 7;
  1 : 4 5 7;
  2 : 6 7;
  3 : 6 7;
  4 : 0 1 5;
  5 : 0 1 4;
  6 : 0 2 3 7;
  7 : 0 1 2 3 6;

Graph 3989, order 8.
  0 : 4 5 6 7;
  1 : 4 5 7;
  2 : 6 7;
  3 : 6 7;
  4 : 0 1 5 7;
  5 : 0 1 4;
  6 : 0 2 3;
  7 : 0 1 2 3 4;

Graph 3990, order 8.
  0 : 4 5 6 7;
  1 : 4 5 7;
  2 : 6 7;
  3 : 6 7;
  4 : 0 1 5 7;
  5 : 0 1 4;
  6 : 0 2 3 7;
  7 : 0 1 2 3 4 6;

Graph 3991, order 8.
  0 : 4 5 6 7;
  1 : 4 5 7;
  2 : 6 7;
  3 : 6 7;
  4 : 0 1 5 7;
  5 : 0 1 4 7;
  6 : 0 2 3;
  7 : 0 1 2 3 4 5;

Graph 3992, order 8.
  0 : 4 5 6 7;
  1 : 4 5 7;
  2 : 6 7;
  3 : 6 7;
  4 : 0 1 5 7;
  5 : 0 1 4 7;
  6 : 0 2 3 7;
  7 : 0 1 2 3 4 5 6;

Graph 3993, order 8.
  0 : 4 5 6;
  1 : 4 5 7;
  2 : 6 7;
  3 : 6 7;
  4 : 0 1 5 6 7;
  5 : 0 1 4 6 7;
  6 : 0 2 3 4 5 7;
  7 : 1 2 3 4 5 6;

Graph 3994, order 8.
  0 : 4 5 6 7;
  1 : 4 5;
  2 : 6 7;
  3 : 6 7;
  4 : 0 1 5 6 7;
  5 : 0 1 4 6 7;
  6 : 0 2 3 4 5 7;
  7 : 0 2 3 4 5 6;

Graph 3995, order 8.
  0 : 4 5 6 7;
  1 : 4 5 7;
  2 : 6 7;
  3 : 6;
  4 : 0 1 5 6 7;
  5 : 0 1 4 6 7;
  6 : 0 2 3 4 5 7;
  7 : 0 1 2 4 5 6;

Graph 3996, order 8.
  0 : 4 5 6 7;
  1 : 4 5 7;
  2 : 6 7;
  3 : 6 7;
  4 : 0 1 5 6 7;
  5 : 0 1 4 6;
  6 : 0 2 3 4 5 7;
  7 : 0 1 2 3 4 6;

Graph 3997, order 8.
  0 : 4 5 6 7;
  1 : 4 5 7;
  2 : 6 7;
  3 : 6 7;
  4 : 0 1 5 6 7;
  5 : 0 1 4 6 7;
  6 : 0 2 3 4 5;
  7 : 0 1 2 3 4 5;

Graph 3998, order 8.
  0 : 4 5 6 7;
  1 : 4 5 7;
  2 : 6 7;
  3 : 6 7;
  4 : 0 1 5 6 7;
  5 : 0 1 4 6 7;
  6 : 0 2 3 4 5 7;
  7 : 0 1 2 3 4 5 6;

Graph 3999, order 8.
  0 : 4 5 6 7;
  1 : 4 5 6;
  2 : 7;
  3 : 7;
  4 : 0 1 5 6 7;
  5 : 0 1 4 6 7;
  6 : 0 1 4 5 7;
  7 : 0 2 3 4 5 6;

Graph 4000, order 8.
  0 : 4 5 6 7;
  1 : 4 5 6 7;
  2 : 7;
  3 : 7;
  4 : 0 1 5 6 7;
  5 : 0 1 4 6 7;
  6 : 0 1 4 5;
  7 : 0 1 2 3 4 5;

Graph 4001, order 8.
  0 : 4 5 6 7;
  1 : 4 5 6 7;
  2 : 7;
  3 : 7;
  4 : 0 1 5 6 7;
  5 : 0 1 4 6 7;
  6 : 0 1 4 5 7;
  7 : 0 1 2 3 4 5 6;

Graph 4002, order 8.
  0 : 4 5 6;
  1 : 4 5 6;
  2 : 6;
  3 : 7;
  4 : 0 1 5 7;
  5 : 0 1 4 7;
  6 : 0 1 2 7;
  7 : 3 4 5 6;

Graph 4003, order 8.
  0 : 4 5 6;
  1 : 4 5 6;
  2 : 6 7;
  3 : 7;
  4 : 0 1 5 7;
  5 : 0 1 4;
  6 : 0 1 2 7;
  7 : 2 3 4 6;

Graph 4004, order 8.
  0 : 4 5 6;
  1 : 4 5 6;
  2 : 6 7;
  3 : 7;
  4 : 0 1 5 7;
  5 : 0 1 4 7;
  6 : 0 1 2 7;
  7 : 2 3 4 5 6;

Graph 4005, order 8.
  0 : 4 5 6 7;
  1 : 4 5 6;
  2 : 6;
  3 : 7;
  4 : 0 1 5 7;
  5 : 0 1 4 7;
  6 : 0 1 2 7;
  7 : 0 3 4 5 6;

Graph 4006, order 8.
  0 : 4 5 6 7;
  1 : 4 5 6;
  2 : 6 7;
  3 : 7;
  4 : 0 1 5 7;
  5 : 0 1 4;
  6 : 0 1 2 7;
  7 : 0 2 3 4 6;

Graph 4007, order 8.
  0 : 4 5 6 7;
  1 : 4 5 6;
  2 : 6 7;
  3 : 7;
  4 : 0 1 5 7;
  5 : 0 1 4 7;
  6 : 0 1 2;
  7 : 0 2 3 4 5;

Graph 4008, order 8.
  0 : 4 5 6 7;
  1 : 4 5 6;
  2 : 6 7;
  3 : 7;
  4 : 0 1 5 7;
  5 : 0 1 4 7;
  6 : 0 1 2 7;
  7 : 0 2 3 4 5 6;

Graph 4009, order 8.
  0 : 4 5 6 7;
  1 : 4 5 6 7;
  2 : 6;
  3 : 7;
  4 : 0 1 5;
  5 : 0 1 4;
  6 : 0 1 2 7;
  7 : 0 1 3 6;

Graph 4010, order 8.
  0 : 4 5 6 7;
  1 : 4 5 6 7;
  2 : 6;
  3 : 7;
  4 : 0 1 5 7;
  5 : 0 1 4;
  6 : 0 1 2;
  7 : 0 1 3 4;

Graph 4011, order 8.
  0 : 4 5 6 7;
  1 : 4 5 6 7;
  2 : 6;
  3 : 7;
  4 : 0 1 5 7;
  5 : 0 1 4;
  6 : 0 1 2 7;
  7 : 0 1 3 4 6;

Graph 4012, order 8.
  0 : 4 5 6 7;
  1 : 4 5 6 7;
  2 : 6;
  3 : 7;
  4 : 0 1 5 7;
  5 : 0 1 4 7;
  6 : 0 1 2;
  7 : 0 1 3 4 5;

Graph 4013, order 8.
  0 : 4 5 6 7;
  1 : 4 5 6 7;
  2 : 6;
  3 : 7;
  4 : 0 1 5 7;
  5 : 0 1 4 7;
  6 : 0 1 2 7;
  7 : 0 1 3 4 5 6;

Graph 4014, order 8.
  0 : 4 5 6 7;
  1 : 4 5 6 7;
  2 : 6 7;
  3 : 7;
  4 : 0 1 5;
  5 : 0 1 4;
  6 : 0 1 2;
  7 : 0 1 2 3;

Graph 4015, order 8.
  0 : 4 5 6 7;
  1 : 4 5 6 7;
  2 : 6 7;
  3 : 7;
  4 : 0 1 5;
  5 : 0 1 4;
  6 : 0 1 2 7;
  7 : 0 1 2 3 6;

Graph 4016, order 8.
  0 : 4 5 6 7;
  1 : 4 5 6 7;
  2 : 6 7;
  3 : 7;
  4 : 0 1 5 7;
  5 : 0 1 4;
  6 : 0 1 2;
  7 : 0 1 2 3 4;

Graph 4017, order 8.
  0 : 4 5 6 7;
  1 : 4 5 6 7;
  2 : 6 7;
  3 : 7;
  4 : 0 1 5 7;
  5 : 0 1 4;
  6 : 0 1 2 7;
  7 : 0 1 2 3 4 6;

Graph 4018, order 8.
  0 : 4 5 6 7;
  1 : 4 5 6 7;
  2 : 6 7;
  3 : 7;
  4 : 0 1 5 7;
  5 : 0 1 4 7;
  6 : 0 1 2;
  7 : 0 1 2 3 4 5;

Graph 4019, order 8.
  0 : 4 5 6 7;
  1 : 4 5 6 7;
  2 : 6 7;
  3 : 7;
  4 : 0 1 5 7;
  5 : 0 1 4 7;
  6 : 0 1 2 7;
  7 : 0 1 2 3 4 5 6;

Graph 4020, order 8.
  0 : 4 5 6 7;
  1 : 4 5 6;
  2 : 6 7;
  3 : 7;
  4 : 0 1 5 6 7;
  5 : 0 1 4 7;
  6 : 0 1 2 4 7;
  7 : 0 2 3 4 5 6;

Graph 4021, order 8.
  0 : 4 5 6 7;
  1 : 4 5 6 7;
  2 : 6;
  3 : 7;
  4 : 0 1 5 6;
  5 : 0 1 4 7;
  6 : 0 1 2 4 7;
  7 : 0 1 3 5 6;

Graph 4022, order 8.
  0 : 4 5 6 7;
  1 : 4 5 6 7;
  2 : 6;
  3 : 7;
  4 : 0 1 5 6 7;
  5 : 0 1 4;
  6 : 0 1 2 4 7;
  7 : 0 1 3 4 6;

Graph 4023, order 8.
  0 : 4 5 6 7;
  1 : 4 5 6 7;
  2 : 6;
  3 : 7;
  4 : 0 1 5 6 7;
  5 : 0 1 4 7;
  6 : 0 1 2 4;
  7 : 0 1 3 4 5;

Graph 4024, order 8.
  0 : 4 5 6 7;
  1 : 4 5 6 7;
  2 : 6;
  3 : 7;
  4 : 0 1 5 6 7;
  5 : 0 1 4 7;
  6 : 0 1 2 4 7;
  7 : 0 1 3 4 5 6;

Graph 4025, order 8.
  0 : 4 5 6 7;
  1 : 4 5 6 7;
  2 : 6 7;
  3 : 7;
  4 : 0 1 5 6;
  5 : 0 1 4 7;
  6 : 0 1 2 4;
  7 : 0 1 2 3 5;

Graph 4026, order 8.
  0 : 4 5 6 7;
  1 : 4 5 6 7;
  2 : 6 7;
  3 : 7;
  4 : 0 1 5 6;
  5 : 0 1 4 7;
  6 : 0 1 2 4 7;
  7 : 0 1 2 3 5 6;

Graph 4027, order 8.
  0 : 4 5 6 7;
  1 : 4 5 6 7;
  2 : 6 7;
  3 : 7;
  4 : 0 1 5 6 7;
  5 : 0 1 4;
  6 : 0 1 2 4 7;
  7 : 0 1 2 3 4 6;

Graph 4028, order 8.
  0 : 4 5 6 7;
  1 : 4 5 6 7;
  2 : 6 7;
  3 : 7;
  4 : 0 1 5 6 7;
  5 : 0 1 4 7;
  6 : 0 1 2 4;
  7 : 0 1 2 3 4 5;

Graph 4029, order 8.
  0 : 4 5 6 7;
  1 : 4 5 6 7;
  2 : 6 7;
  3 : 7;
  4 : 0 1 5 6 7;
  5 : 0 1 4 7;
  6 : 0 1 2 4 7;
  7 : 0 1 2 3 4 5 6;

Graph 4030, order 8.
  0 : 4 5 6 7;
  1 : 4 5 6 7;
  2 : 6;
  3 : 7;
  4 : 0 1 5 6 7;
  5 : 0 1 4 6 7;
  6 : 0 1 2 4 5 7;
  7 : 0 1 3 4 5 6;

Graph 4031, order 8.
  0 : 4 5 6 7;
  1 : 4 5 6 7;
  2 : 6 7;
  3 : 7;
  4 : 0 1 5 6 7;
  5 : 0 1 4 6 7;
  6 : 0 1 2 4 5;
  7 : 0 1 2 3 4 5;

Graph 4032, order 8.
  0 : 4 5 6 7;
  1 : 4 5 6 7;
  2 : 6 7;
  3 : 7;
  4 : 0 1 5 6 7;
  5 : 0 1 4 6 7;
  6 : 0 1 2 4 5 7;
  7 : 0 1 2 3 4 5 6;

Graph 4033, order 8.
  0 : 4 5 6 7;
  1 : 4 5 6;
  2 : 6 7;
  3 : 6 7;
  4 : 0 1 5 7;
  5 : 0 1 4 7;
  6 : 0 1 2 3;
  7 : 0 2 3 4 5;

Graph 4034, order 8.
  0 : 4 5 6 7;
  1 : 4 5 6;
  2 : 6 7;
  3 : 6 7;
  4 : 0 1 5 7;
  5 : 0 1 4 7;
  6 : 0 1 2 3 7;
  7 : 0 2 3 4 5 6;

Graph 4035, order 8.
  0 : 4 5 6 7;
  1 : 4 5 6 7;
  2 : 6;
  3 : 6;
  4 : 0 1 5 7;
  5 : 0 1 4 7;
  6 : 0 1 2 3;
  7 : 0 1 4 5;

Graph 4036, order 8.
  0 : 4 5 6 7;
  1 : 4 5 6 7;
  2 : 6;
  3 : 6;
  4 : 0 1 5 7;
  5 : 0 1 4 7;
  6 : 0 1 2 3 7;
  7 : 0 1 4 5 6;

Graph 4037, order 8.
  0 : 4 5 6 7;
  1 : 4 5 6 7;
  2 : 6 7;
  3 : 6;
  4 : 0 1 5 7;
  5 : 0 1 4;
  6 : 0 1 2 3;
  7 : 0 1 2 4;

Graph 4038, order 8.
  0 : 4 5 6 7;
  1 : 4 5 6 7;
  2 : 6 7;
  3 : 6;
  4 : 0 1 5 7;
  5 : 0 1 4;
  6 : 0 1 2 3 7;
  7 : 0 1 2 4 6;

Graph 4039, order 8.
  0 : 4 5 6 7;
  1 : 4 5 6 7;
  2 : 6 7;
  3 : 6;
  4 : 0 1 5 7;
  5 : 0 1 4 7;
  6 : 0 1 2 3;
  7 : 0 1 2 4 5;

Graph 4040, order 8.
  0 : 4 5 6 7;
  1 : 4 5 6 7;
  2 : 6 7;
  3 : 6;
  4 : 0 1 5 7;
  5 : 0 1 4 7;
  6 : 0 1 2 3 7;
  7 : 0 1 2 4 5 6;

Graph 4041, order 8.
  0 : 4 5 6 7;
  1 : 4 5 6 7;
  2 : 6 7;
  3 : 6 7;
  4 : 0 1 5;
  5 : 0 1 4;
  6 : 0 1 2 3 7;
  7 : 0 1 2 3 6;

Graph 4042, order 8.
  0 : 4 5 6 7;
  1 : 4 5 6 7;
  2 : 6 7;
  3 : 6 7;
  4 : 0 1 5 7;
  5 : 0 1 4;
  6 : 0 1 2 3;
  7 : 0 1 2 3 4;

Graph 4043, order 8.
  0 : 4 5 6 7;
  1 : 4 5 6 7;
  2 : 6 7;
  3 : 6 7;
  4 : 0 1 5 7;
  5 : 0 1 4;
  6 : 0 1 2 3 7;
  7 : 0 1 2 3 4 6;

Graph 4044, order 8.
  0 : 4 5 6 7;
  1 : 4 5 6 7;
  2 : 6 7;
  3 : 6 7;
  4 : 0 1 5 7;
  5 : 0 1 4 7;
  6 : 0 1 2 3;
  7 : 0 1 2 3 4 5;

Graph 4045, order 8.
  0 : 4 5 6 7;
  1 : 4 5 6 7;
  2 : 6 7;
  3 : 6 7;
  4 : 0 1 5 7;
  5 : 0 1 4 7;
  6 : 0 1 2 3 7;
  7 : 0 1 2 3 4 5 6;

Graph 4046, order 8.
  0 : 4 5 6 7;
  1 : 4 5 6 7;
  2 : 6 7;
  3 : 6;
  4 : 0 1 5 6 7;
  5 : 0 1 4 7;
  6 : 0 1 2 3 4 7;
  7 : 0 1 2 4 5 6;

Graph 4047, order 8.
  0 : 4 5 6 7;
  1 : 4 5 6 7;
  2 : 6 7;
  3 : 6 7;
  4 : 0 1 5 6;
  5 : 0 1 4 7;
  6 : 0 1 2 3 4;
  7 : 0 1 2 3 5;

Graph 4048, order 8.
  0 : 4 5 6 7;
  1 : 4 5 6 7;
  2 : 6 7;
  3 : 6 7;
  4 : 0 1 5 6;
  5 : 0 1 4 7;
  6 : 0 1 2 3 4 7;
  7 : 0 1 2 3 5 6;

Graph 4049, order 8.
  0 : 4 5 6 7;
  1 : 4 5 6 7;
  2 : 6 7;
  3 : 6 7;
  4 : 0 1 5 6 7;
  5 : 0 1 4;
  6 : 0 1 2 3 4 7;
  7 : 0 1 2 3 4 6;

Graph 4050, order 8.
  0 : 4 5 6 7;
  1 : 4 5 6 7;
  2 : 6 7;
  3 : 6 7;
  4 : 0 1 5 6 7;
  5 : 0 1 4 7;
  6 : 0 1 2 3 4;
  7 : 0 1 2 3 4 5;

Graph 4051, order 8.
  0 : 4 5 6 7;
  1 : 4 5 6 7;
  2 : 6 7;
  3 : 6 7;
  4 : 0 1 5 6 7;
  5 : 0 1 4 7;
  6 : 0 1 2 3 4 7;
  7 : 0 1 2 3 4 5 6;

Graph 4052, order 8.
  0 : 4 5 6 7;
  1 : 4 5 6 7;
  2 : 6 7;
  3 : 6 7;
  4 : 0 1 5 6 7;
  5 : 0 1 4 6 7;
  6 : 0 1 2 3 4 5;
  7 : 0 1 2 3 4 5;

Graph 4053, order 8.
  0 : 4 5 6 7;
  1 : 4 5 6 7;
  2 : 6 7;
  3 : 6 7;
  4 : 0 1 5 6 7;
  5 : 0 1 4 6 7;
  6 : 0 1 2 3 4 5 7;
  7 : 0 1 2 3 4 5 6;

Graph 4054, order 8.
  0 : 4 5 6;
  1 : 4 5;
  2 : 5 6 7;
  3 : 6 7;
  4 : 0 1 6 7;
  5 : 0 1 2 7;
  6 : 0 2 3 4;
  7 : 2 3 4 5;

Graph 4055, order 8.
  0 : 4 5 6;
  1 : 4 5 7;
  2 : 5 6;
  3 : 6 7;
  4 : 0 1 6 7;
  5 : 0 1 2 7;
  6 : 0 2 3 4 7;
  7 : 1 3 4 5 6;

Graph 4056, order 8.
  0 : 4 5 6;
  1 : 4 5 7;
  2 : 5 6 7;
  3 : 6;
  4 : 0 1 6 7;
  5 : 0 1 2 7;
  6 : 0 2 3 4;
  7 : 1 2 4 5;

Graph 4057, order 8.
  0 : 4 5 6;
  1 : 4 5 7;
  2 : 5 6 7;
  3 : 6 7;
  4 : 0 1 6 7;
  5 : 0 1 2;
  6 : 0 2 3 4 7;
  7 : 1 2 3 4 6;

Graph 4058, order 8.
  0 : 4 5 6;
  1 : 4 5 7;
  2 : 5 6 7;
  3 : 6 7;
  4 : 0 1 6 7;
  5 : 0 1 2 7;
  6 : 0 2 3 4;
  7 : 1 2 3 4 5;

Graph 4059, order 8.
  0 : 4 5 6;
  1 : 4 5 7;
  2 : 5 6 7;
  3 : 6 7;
  4 : 0 1 6 7;
  5 : 0 1 2 7;
  6 : 0 2 3 4 7;
  7 : 1 2 3 4 5 6;

Graph 4060, order 8.
  0 : 4 5 6 7;
  1 : 4 5;
  2 : 5 6;
  3 : 6 7;
  4 : 0 1 6 7;
  5 : 0 1 2 7;
  6 : 0 2 3 4 7;
  7 : 0 3 4 5 6;

Graph 4061, order 8.
  0 : 4 5 6 7;
  1 : 4 5;
  2 : 5 6 7;
  3 : 6 7;
  4 : 0 1 6 7;
  5 : 0 1 2;
  6 : 0 2 3 4 7;
  7 : 0 2 3 4 6;

Graph 4062, order 8.
  0 : 4 5 6 7;
  1 : 4 5;
  2 : 5 6 7;
  3 : 6 7;
  4 : 0 1 6 7;
  5 : 0 1 2 7;
  6 : 0 2 3 4;
  7 : 0 2 3 4 5;

Graph 4063, order 8.
  0 : 4 5 6 7;
  1 : 4 5;
  2 : 5 6 7;
  3 : 6 7;
  4 : 0 1 6 7;
  5 : 0 1 2 7;
  6 : 0 2 3 4 7;
  7 : 0 2 3 4 5 6;

Graph 4064, order 8.
  0 : 4 5 6 7;
  1 : 4 5 7;
  2 : 5 6;
  3 : 6;
  4 : 0 1 6 7;
  5 : 0 1 2 7;
  6 : 0 2 3 4 7;
  7 : 0 1 4 5 6;

Graph 4065, order 8.
  0 : 4 5 6 7;
  1 : 4 5 7;
  2 : 5 6;
  3 : 6 7;
  4 : 0 1 6;
  5 : 0 1 2 7;
  6 : 0 2 3 4 7;
  7 : 0 1 3 5 6;

Graph 4066, order 8.
  0 : 4 5 6 7;
  1 : 4 5 7;
  2 : 5 6;
  3 : 6 7;
  4 : 0 1 6 7;
  5 : 0 1 2;
  6 : 0 2 3 4 7;
  7 : 0 1 3 4 6;

Graph 4067, order 8.
  0 : 4 5 6 7;
  1 : 4 5 7;
  2 : 5 6;
  3 : 6 7;
  4 : 0 1 6 7;
  5 : 0 1 2 7;
  6 : 0 2 3 4;
  7 : 0 1 3 4 5;

Graph 4068, order 8.
  0 : 4 5 6 7;
  1 : 4 5 7;
  2 : 5 6;
  3 : 6 7;
  4 : 0 1 6 7;
  5 : 0 1 2 7;
  6 : 0 2 3 4 7;
  7 : 0 1 3 4 5 6;

Graph 4069, order 8.
  0 : 4 5 6 7;
  1 : 4 5 7;
  2 : 5 6 7;
  3 : 6;
  4 : 0 1 6;
  5 : 0 1 2 7;
  6 : 0 2 3 4 7;
  7 : 0 1 2 5 6;

Graph 4070, order 8.
  0 : 4 5 6 7;
  1 : 4 5 7;
  2 : 5 6 7;
  3 : 6;
  4 : 0 1 6 7;
  5 : 0 1 2;
  6 : 0 2 3 4 7;
  7 : 0 1 2 4 6;

Graph 4071, order 8.
  0 : 4 5 6 7;
  1 : 4 5 7;
  2 : 5 6 7;
  3 : 6;
  4 : 0 1 6 7;
  5 : 0 1 2 7;
  6 : 0 2 3 4;
  7 : 0 1 2 4 5;

Graph 4072, order 8.
  0 : 4 5 6 7;
  1 : 4 5 7;
  2 : 5 6 7;
  3 : 6;
  4 : 0 1 6 7;
  5 : 0 1 2 7;
  6 : 0 2 3 4 7;
  7 : 0 1 2 4 5 6;

Graph 4073, order 8.
  0 : 4 5 6 7;
  1 : 4 5 7;
  2 : 5 6 7;
  3 : 6 7;
  4 : 0 1 6;
  5 : 0 1 2;
  6 : 0 2 3 4 7;
  7 : 0 1 2 3 6;

Graph 4074, order 8.
  0 : 4 5 6 7;
  1 : 4 5 7;
  2 : 5 6 7;
  3 : 6 7;
  4 : 0 1 6;
  5 : 0 1 2 7;
  6 : 0 2 3 4;
  7 : 0 1 2 3 5;

Graph 4075, order 8.
  0 : 4 5 6 7;
  1 : 4 5 7;
  2 : 5 6 7;
  3 : 6 7;
  4 : 0 1 6;
  5 : 0 1 2 7;
  6 : 0 2 3 4 7;
  7 : 0 1 2 3 5 6;

Graph 4076, order 8.
  0 : 4 5 6 7;
  1 : 4 5 7;
  2 : 5 6 7;
  3 : 6 7;
  4 : 0 1 6 7;
  5 : 0 1 2;
  6 : 0 2 3 4;
  7 : 0 1 2 3 4;

Graph 4077, order 8.
  0 : 4 5 6 7;
  1 : 4 5 7;
  2 : 5 6 7;
  3 : 6 7;
  4 : 0 1 6 7;
  5 : 0 1 2;
  6 : 0 2 3 4 7;
  7 : 0 1 2 3 4 6;

Graph 4078, order 8.
  0 : 4 5 6 7;
  1 : 4 5 7;
  2 : 5 6 7;
  3 : 6 7;
  4 : 0 1 6 7;
  5 : 0 1 2 7;
  6 : 0 2 3 4;
  7 : 0 1 2 3 4 5;

Graph 4079, order 8.
  0 : 4 5 6 7;
  1 : 4 5 7;
  2 : 5 6 7;
  3 : 6 7;
  4 : 0 1 6 7;
  5 : 0 1 2 7;
  6 : 0 2 3 4 7;
  7 : 0 1 2 3 4 5 6;

Graph 4080, order 8.
  0 : 4 5 6;
  1 : 4 5 7;
  2 : 5 6 7;
  3 : 6 7;
  4 : 0 1 6 7;
  5 : 0 1 2 6 7;
  6 : 0 2 3 4 5 7;
  7 : 1 2 3 4 5 6;

Graph 4081, order 8.
  0 : 4 5 6 7;
  1 : 4 5;
  2 : 5 6 7;
  3 : 6 7;
  4 : 0 1 6 7;
  5 : 0 1 2 6 7;
  6 : 0 2 3 4 5 7;
  7 : 0 2 3 4 5 6;

Graph 4082, order 8.
  0 : 4 5 6 7;
  1 : 4 5 7;
  2 : 5 6;
  3 : 6 7;
  4 : 0 1 6 7;
  5 : 0 1 2 6 7;
  6 : 0 2 3 4 5 7;
  7 : 0 1 3 4 5 6;

Graph 4083, order 8.
  0 : 4 5 6 7;
  1 : 4 5 7;
  2 : 5 6 7;
  3 : 6;
  4 : 0 1 6 7;
  5 : 0 1 2 6 7;
  6 : 0 2 3 4 5 7;
  7 : 0 1 2 4 5 6;

Graph 4084, order 8.
  0 : 4 5 6 7;
  1 : 4 5 7;
  2 : 5 6 7;
  3 : 6 7;
  4 : 0 1 6;
  5 : 0 1 2 6 7;
  6 : 0 2 3 4 5 7;
  7 : 0 1 2 3 5 6;

Graph 4085, order 8.
  0 : 4 5 6 7;
  1 : 4 5 7;
  2 : 5 6 7;
  3 : 6 7;
  4 : 0 1 6 7;
  5 : 0 1 2 6;
  6 : 0 2 3 4 5;
  7 : 0 1 2 3 4;

Graph 4086, order 8.
  0 : 4 5 6 7;
  1 : 4 5 7;
  2 : 5 6 7;
  3 : 6 7;
  4 : 0 1 6 7;
  5 : 0 1 2 6;
  6 : 0 2 3 4 5 7;
  7 : 0 1 2 3 4 6;

Graph 4087, order 8.
  0 : 4 5 6 7;
  1 : 4 5 7;
  2 : 5 6 7;
  3 : 6 7;
  4 : 0 1 6 7;
  5 : 0 1 2 6 7;
  6 : 0 2 3 4 5;
  7 : 0 1 2 3 4 5;

Graph 4088, order 8.
  0 : 4 5 6 7;
  1 : 4 5 7;
  2 : 5 6 7;
  3 : 6 7;
  4 : 0 1 6 7;
  5 : 0 1 2 6 7;
  6 : 0 2 3 4 5 7;
  7 : 0 1 2 3 4 5 6;

Graph 4089, order 8.
  0 : 4 5 6;
  1 : 4 5 6;
  2 : 5 7;
  3 : 6;
  4 : 0 1 7;
  5 : 0 1 2 7;
  6 : 0 1 3 7;
  7 : 2 4 5 6;

Graph 4090, order 8.
  0 : 4 5 6;
  1 : 4 5 6;
  2 : 5 7;
  3 : 6 7;
  4 : 0 1;
  5 : 0 1 2 7;
  6 : 0 1 3 7;
  7 : 2 3 5 6;

Graph 4091, order 8.
  0 : 4 5 6;
  1 : 4 5 6;
  2 : 5 7;
  3 : 6 7;
  4 : 0 1 7;
  5 : 0 1 2 7;
  6 : 0 1 3 7;
  7 : 2 3 4 5 6;

Graph 4092, order 8.
  0 : 4 5 6 7;
  1 : 4 5 6;
  2 : 5;
  3 : 6;
  4 : 0 1 7;
  5 : 0 1 2 7;
  6 : 0 1 3 7;
  7 : 0 4 5 6;

Graph 4093, order 8.
  0 : 4 5 6 7;
  1 : 4 5 6;
  2 : 5;
  3 : 6 7;
  4 : 0 1 7;
  5 : 0 1 2 7;
  6 : 0 1 3;
  7 : 0 3 4 5;

Graph 4094, order 8.
  0 : 4 5 6 7;
  1 : 4 5 6;
  2 : 5 7;
  3 : 6;
  4 : 0 1 7;
  5 : 0 1 2 7;
  6 : 0 1 3 7;
  7 : 0 2 4 5 6;

Graph 4095, order 8.
  0 : 4 5 6 7;
  1 : 4 5 6;
  2 : 5 7;
  3 : 6 7;
  4 : 0 1;
  5 : 0 1 2 7;
  6 : 0 1 3 7;
  7 : 0 2 3 5 6;

Graph 4096, order 8.
  0 : 4 5 6 7;
  1 : 4 5 6;
  2 : 5 7;
  3 : 6 7;
  4 : 0 1 7;
  5 : 0 1 2 7;
  6 : 0 1 3;
  7 : 0 2 3 4 5;

Graph 4097, order 8.
  0 : 4 5 6 7;
  1 : 4 5 6;
  2 : 5 7;
  3 : 6 7;
  4 : 0 1 7;
  5 : 0 1 2 7;
  6 : 0 1 3 7;
  7 : 0 2 3 4 5 6;

Graph 4098, order 8.
  0 : 4 5 6 7;
  1 : 4 5 6 7;
  2 : 5;
  3 : 6;
  4 : 0 1;
  5 : 0 1 2 7;
  6 : 0 1 3 7;
  7 : 0 1 5 6;

Graph 4099, order 8.
  0 : 4 5 6 7;
  1 : 4 5 6 7;
  2 : 5;
  3 : 6;
  4 : 0 1 7;
  5 : 0 1 2 7;
  6 : 0 1 3 7;
  7 : 0 1 4 5 6;

Graph 4100, order 8.
  0 : 4 5 6 7;
  1 : 4 5 6 7;
  2 : 5;
  3 : 6 7;
  4 : 0 1;
  5 : 0 1 2 7;
  6 : 0 1 3;
  7 : 0 1 3 5;

Graph 4101, order 8.
  0 : 4 5 6 7;
  1 : 4 5 6 7;
  2 : 5;
  3 : 6 7;
  4 : 0 1 7;
  5 : 0 1 2 7;
  6 : 0 1 3;
  7 : 0 1 3 4 5;

Graph 4102, order 8.
  0 : 4 5 6 7;
  1 : 4 5 6 7;
  2 : 5 7;
  3 : 6;
  4 : 0 1;
  5 : 0 1 2 7;
  6 : 0 1 3;
  7 : 0 1 2 5;

Graph 4103, order 8.
  0 : 4 5 6 7;
  1 : 4 5 6 7;
  2 : 5 7;
  3 : 6;
  4 : 0 1;
  5 : 0 1 2 7;
  6 : 0 1 3 7;
  7 : 0 1 2 5 6;

Graph 4104, order 8.
  0 : 4 5 6 7;
  1 : 4 5 6 7;
  2 : 5 7;
  3 : 6;
  4 : 0 1 7;
  5 : 0 1 2;
  6 : 0 1 3;
  7 : 0 1 2 4;

Graph 4105, order 8.
  0 : 4 5 6 7;
  1 : 4 5 6 7;
  2 : 5 7;
  3 : 6;
  4 : 0 1 7;
  5 : 0 1 2 7;
  6 : 0 1 3;
  7 : 0 1 2 4 5;

Graph 4106, order 8.
  0 : 4 5 6 7;
  1 : 4 5 6 7;
  2 : 5 7;
  3 : 6;
  4 : 0 1 7;
  5 : 0 1 2 7;
  6 : 0 1 3 7;
  7 : 0 1 2 4 5 6;

Graph 4107, order 8.
  0 : 4 5 6 7;
  1 : 4 5 6 7;
  2 : 5 7;
  3 : 6 7;
  4 : 0 1;
  5 : 0 1 2;
  6 : 0 1 3;
  7 : 0 1 2 3;

Graph 4108, order 8.
  0 : 4 5 6 7;
  1 : 4 5 6 7;
  2 : 5 7;
  3 : 6 7;
  4 : 0 1;
  5 : 0 1 2 7;
  6 : 0 1 3;
  7 : 0 1 2 3 5;

Graph 4109, order 8.
  0 : 4 5 6 7;
  1 : 4 5 6 7;
  2 : 5 7;
  3 : 6 7;
  4 : 0 1;
  5 : 0 1 2 7;
  6 : 0 1 3 7;
  7 : 0 1 2 3 5 6;

Graph 4110, order 8.
  0 : 4 5 6 7;
  1 : 4 5 6 7;
  2 : 5 7;
  3 : 6 7;
  4 : 0 1 7;
  5 : 0 1 2;
  6 : 0 1 3;
  7 : 0 1 2 3 4;

Graph 4111, order 8.
  0 : 4 5 6 7;
  1 : 4 5 6 7;
  2 : 5 7;
  3 : 6 7;
  4 : 0 1 7;
  5 : 0 1 2 7;
  6 : 0 1 3;
  7 : 0 1 2 3 4 5;

Graph 4112, order 8.
  0 : 4 5 6 7;
  1 : 4 5 6 7;
  2 : 5 7;
  3 : 6 7;
  4 : 0 1 7;
  5 : 0 1 2 7;
  6 : 0 1 3 7;
  7 : 0 1 2 3 4 5 6;

Graph 4113, order 8.
  0 : 4 5 6 7;
  1 : 4 5 6;
  2 : 5 7;
  3 : 6 7;
  4 : 0 1 7;
  5 : 0 1 2 6 7;
  6 : 0 1 3 5 7;
  7 : 0 2 3 4 5 6;

Graph 4114, order 8.
  0 : 4 5 6 7;
  1 : 4 5 6 7;
  2 : 5 7;
  3 : 6;
  4 : 0 1 7;
  5 : 0 1 2 6 7;
  6 : 0 1 3 5;
  7 : 0 1 2 4 5;

Graph 4115, order 8.
  0 : 4 5 6 7;
  1 : 4 5 6 7;
  2 : 5 7;
  3 : 6;
  4 : 0 1 7;
  5 : 0 1 2 6 7;
  6 : 0 1 3 5 7;
  7 : 0 1 2 4 5 6;

Graph 4116, order 8.
  0 : 4 5 6 7;
  1 : 4 5 6 7;
  2 : 5 7;
  3 : 6 7;
  4 : 0 1;
  5 : 0 1 2 6 7;
  6 : 0 1 3 5 7;
  7 : 0 1 2 3 5 6;

Graph 4117, order 8.
  0 : 4 5 6 7;
  1 : 4 5 6 7;
  2 : 5 7;
  3 : 6 7;
  4 : 0 1 7;
  5 : 0 1 2 6;
  6 : 0 1 3 5;
  7 : 0 1 2 3 4;

Graph 4118, order 8.
  0 : 4 5 6 7;
  1 : 4 5 6 7;
  2 : 5 7;
  3 : 6 7;
  4 : 0 1 7;
  5 : 0 1 2 6 7;
  6 : 0 1 3 5;
  7 : 0 1 2 3 4 5;

Graph 4119, order 8.
  0 : 4 5 6 7;
  1 : 4 5 6 7;
  2 : 5 7;
  3 : 6 7;
  4 : 0 1 7;
  5 : 0 1 2 6 7;
  6 : 0 1 3 5 7;
  7 : 0 1 2 3 4 5 6;

Graph 4120, order 8.
  0 : 4 5 6 7;
  1 : 4 5 6;
  2 : 5 7;
  3 : 6 7;
  4 : 0 1 6 7;
  5 : 0 1 2 7;
  6 : 0 1 3 4;
  7 : 0 2 3 4 5;

Graph 4121, order 8.
  0 : 4 5 6 7;
  1 : 4 5 6;
  2 : 5 7;
  3 : 6 7;
  4 : 0 1 6 7;
  5 : 0 1 2 7;
  6 : 0 1 3 4 7;
  7 : 0 2 3 4 5 6;

Graph 4122, order 8.
  0 : 4 5 6 7;
  1 : 4 5 6 7;
  2 : 5;
  3 : 6 7;
  4 : 0 1 6;
  5 : 0 1 2 7;
  6 : 0 1 3 4;
  7 : 0 1 3 5;

Graph 4123, order 8.
  0 : 4 5 6 7;
  1 : 4 5 6 7;
  2 : 5;
  3 : 6 7;
  4 : 0 1 6 7;
  5 : 0 1 2;
  6 : 0 1 3 4 7;
  7 : 0 1 3 4 6;

Graph 4124, order 8.
  0 : 4 5 6 7;
  1 : 4 5 6 7;
  2 : 5;
  3 : 6 7;
  4 : 0 1 6 7;
  5 : 0 1 2 7;
  6 : 0 1 3 4;
  7 : 0 1 3 4 5;

Graph 4125, order 8.
  0 : 4 5 6 7;
  1 : 4 5 6 7;
  2 : 5;
  3 : 6 7;
  4 : 0 1 6 7;
  5 : 0 1 2 7;
  6 : 0 1 3 4 7;
  7 : 0 1 3 4 5 6;

Graph 4126, order 8.
  0 : 4 5 6 7;
  1 : 4 5 6 7;
  2 : 5 7;
  3 : 6;
  4 : 0 1 6;
  5 : 0 1 2 7;
  6 : 0 1 3 4;
  7 : 0 1 2 5;

Graph 4127, order 8.
  0 : 4 5 6 7;
  1 : 4 5 6 7;
  2 : 5 7;
  3 : 6;
  4 : 0 1 6 7;
  5 : 0 1 2 7;
  6 : 0 1 3 4;
  7 : 0 1 2 4 5;

Graph 4128, order 8.
  0 : 4 5 6 7;
  1 : 4 5 6 7;
  2 : 5 7;
  3 : 6;
  4 : 0 1 6 7;
  5 : 0 1 2 7;
  6 : 0 1 3 4 7;
  7 : 0 1 2 4 5 6;

Graph 4129, order 8.
  0 : 4 5 6 7;
  1 : 4 5 6 7;
  2 : 5 7;
  3 : 6 7;
  4 : 0 1 6;
  5 : 0 1 2;
  6 : 0 1 3 4;
  7 : 0 1 2 3;

Graph 4130, order 8.
  0 : 4 5 6 7;
  1 : 4 5 6 7;
  2 : 5 7;
  3 : 6 7;
  4 : 0 1 6;
  5 : 0 1 2 7;
  6 : 0 1 3 4;
  7 : 0 1 2 3 5;

Graph 4131, order 8.
  0 : 4 5 6 7;
  1 : 4 5 6 7;
  2 : 5 7;
  3 : 6 7;
  4 : 0 1 6;
  5 : 0 1 2 7;
  6 : 0 1 3 4 7;
  7 : 0 1 2 3 5 6;

Graph 4132, order 8.
  0 : 4 5 6 7;
  1 : 4 5 6 7;
  2 : 5 7;
  3 : 6 7;
  4 : 0 1 6 7;
  5 : 0 1 2;
  6 : 0 1 3 4;
  7 : 0 1 2 3 4;

Graph 4133, order 8.
  0 : 4 5 6 7;
  1 : 4 5 6 7;
  2 : 5 7;
  3 : 6 7;
  4 : 0 1 6 7;
  5 : 0 1 2;
  6 : 0 1 3 4 7;
  7 : 0 1 2 3 4 6;

Graph 4134, order 8.
  0 : 4 5 6 7;
  1 : 4 5 6 7;
  2 : 5 7;
  3 : 6 7;
  4 : 0 1 6 7;
  5 : 0 1 2 7;
  6 : 0 1 3 4;
  7 : 0 1 2 3 4 5;

Graph 4135, order 8.
  0 : 4 5 6 7;
  1 : 4 5 6 7;
  2 : 5 7;
  3 : 6 7;
  4 : 0 1 6 7;
  5 : 0 1 2 7;
  6 : 0 1 3 4 7;
  7 : 0 1 2 3 4 5 6;

Graph 4136, order 8.
  0 : 4 5 6 7;
  1 : 4 5 6 7;
  2 : 5;
  3 : 6 7;
  4 : 0 1 6 7;
  5 : 0 1 2 6 7;
  6 : 0 1 3 4 5 7;
  7 : 0 1 3 4 5 6;

Graph 4137, order 8.
  0 : 4 5 6 7;
  1 : 4 5 6 7;
  2 : 5 7;
  3 : 6 7;
  4 : 0 1 6 7;
  5 : 0 1 2 6 7;
  6 : 0 1 3 4 5;
  7 : 0 1 2 3 4 5;

Graph 4138, order 8.
  0 : 4 5 6 7;
  1 : 4 5 6 7;
  2 : 5 7;
  3 : 6 7;
  4 : 0 1 6 7;
  5 : 0 1 2 6 7;
  6 : 0 1 3 4 5 7;
  7 : 0 1 2 3 4 5 6;

Graph 4139, order 8.
  0 : 4 5 6 7;
  1 : 4 5 6;
  2 : 5 6 7;
  3 : 7;
  4 : 0 1 7;
  5 : 0 1 2 7;
  6 : 0 1 2;
  7 : 0 2 3 4 5;

Graph 4140, order 8.
  0 : 4 5 6 7;
  1 : 4 5 6 7;
  2 : 5 6;
  3 : 7;
  4 : 0 1;
  5 : 0 1 2 7;
  6 : 0 1 2 7;
  7 : 0 1 3 5 6;

Graph 4141, order 8.
  0 : 4 5 6 7;
  1 : 4 5 6 7;
  2 : 5 6;
  3 : 7;
  4 : 0 1 7;
  5 : 0 1 2;
  6 : 0 1 2;
  7 : 0 1 3 4;

Graph 4142, order 8.
  0 : 4 5 6 7;
  1 : 4 5 6 7;
  2 : 5 6;
  3 : 7;
  4 : 0 1 7;
  5 : 0 1 2 7;
  6 : 0 1 2;
  7 : 0 1 3 4 5;

Graph 4143, order 8.
  0 : 4 5 6 7;
  1 : 4 5 6 7;
  2 : 5 6 7;
  3 : 7;
  4 : 0 1;
  5 : 0 1 2;
  6 : 0 1 2;
  7 : 0 1 2 3;

Graph 4144, order 8.
  0 : 4 5 6 7;
  1 : 4 5 6 7;
  2 : 5 6 7;
  3 : 7;
  4 : 0 1;
  5 : 0 1 2 7;
  6 : 0 1 2;
  7 : 0 1 2 3 5;

Graph 4145, order 8.
  0 : 4 5 6 7;
  1 : 4 5 6 7;
  2 : 5 6 7;
  3 : 7;
  4 : 0 1;
  5 : 0 1 2 7;
  6 : 0 1 2 7;
  7 : 0 1 2 3 5 6;

Graph 4146, order 8.
  0 : 4 5 6 7;
  1 : 4 5 6 7;
  2 : 5 6 7;
  3 : 7;
  4 : 0 1 7;
  5 : 0 1 2;
  6 : 0 1 2;
  7 : 0 1 2 3 4;

Graph 4147, order 8.
  0 : 4 5 6 7;
  1 : 4 5 6 7;
  2 : 5 6 7;
  3 : 7;
  4 : 0 1 7;
  5 : 0 1 2 7;
  6 : 0 1 2;
  7 : 0 1 2 3 4 5;

Graph 4148, order 8.
  0 : 4 5 6 7;
  1 : 4 5 6 7;
  2 : 5 6 7;
  3 : 7;
  4 : 0 1 7;
  5 : 0 1 2 7;
  6 : 0 1 2 7;
  7 : 0 1 2 3 4 5 6;

Graph 4149, order 8.
  0 : 4 5 6 7;
  1 : 4 5 6;
  2 : 5 6 7;
  3 : 7;
  4 : 0 1 7;
  5 : 0 1 2 6 7;
  6 : 0 1 2 5 7;
  7 : 0 2 3 4 5 6;

Graph 4150, order 8.
  0 : 4 5 6 7;
  1 : 4 5 6 7;
  2 : 5 6;
  3 : 7;
  4 : 0 1;
  5 : 0 1 2 6 7;
  6 : 0 1 2 5 7;
  7 : 0 1 3 5 6;

Graph 4151, order 8.
  0 : 4 5 6 7;
  1 : 4 5 6 7;
  2 : 5 6;
  3 : 7;
  4 : 0 1 7;
  5 : 0 1 2 6 7;
  6 : 0 1 2 5;
  7 : 0 1 3 4 5;

Graph 4152, order 8.
  0 : 4 5 6 7;
  1 : 4 5 6 7;
  2 : 5 6;
  3 : 7;
  4 : 0 1 7;
  5 : 0 1 2 6 7;
  6 : 0 1 2 5 7;
  7 : 0 1 3 4 5 6;

Graph 4153, order 8.
  0 : 4 5 6 7;
  1 : 4 5 6 7;
  2 : 5 6 7;
  3 : 7;
  4 : 0 1;
  5 : 0 1 2 6 7;
  6 : 0 1 2 5;
  7 : 0 1 2 3 5;

Graph 4154, order 8.
  0 : 4 5 6 7;
  1 : 4 5 6 7;
  2 : 5 6 7;
  3 : 7;
  4 : 0 1;
  5 : 0 1 2 6 7;
  6 : 0 1 2 5 7;
  7 : 0 1 2 3 5 6;

Graph 4155, order 8.
  0 : 4 5 6 7;
  1 : 4 5 6 7;
  2 : 5 6 7;
  3 : 7;
  4 : 0 1 7;
  5 : 0 1 2 6;
  6 : 0 1 2 5;
  7 : 0 1 2 3 4;

Graph 4156, order 8.
  0 : 4 5 6 7;
  1 : 4 5 6 7;
  2 : 5 6 7;
  3 : 7;
  4 : 0 1 7;
  5 : 0 1 2 6 7;
  6 : 0 1 2 5;
  7 : 0 1 2 3 4 5;

Graph 4157, order 8.
  0 : 4 5 6 7;
  1 : 4 5 6 7;
  2 : 5 6 7;
  3 : 7;
  4 : 0 1 7;
  5 : 0 1 2 6 7;
  6 : 0 1 2 5 7;
  7 : 0 1 2 3 4 5 6;

Graph 4158, order 8.
  0 : 4 5 6 7;
  1 : 4 5 6;
  2 : 5 6;
  3 : 7;
  4 : 0 1 6 7;
  5 : 0 1 2 7;
  6 : 0 1 2 4 7;
  7 : 0 3 4 5 6;

Graph 4159, order 8.
  0 : 4 5 6 7;
  1 : 4 5 6;
  2 : 5 6 7;
  3 : 7;
  4 : 0 1 6 7;
  5 : 0 1 2 7;
  6 : 0 1 2 4;
  7 : 0 2 3 4 5;

Graph 4160, order 8.
  0 : 4 5 6 7;
  1 : 4 5 6;
  2 : 5 6 7;
  3 : 7;
  4 : 0 1 6 7;
  5 : 0 1 2 7;
  6 : 0 1 2 4 7;
  7 : 0 2 3 4 5 6;

Graph 4161, order 8.
  0 : 4 5 6 7;
  1 : 4 5 6 7;
  2 : 5 6;
  3 : 7;
  4 : 0 1 6;
  5 : 0 1 2 7;
  6 : 0 1 2 4 7;
  7 : 0 1 3 5 6;

Graph 4162, order 8.
  0 : 4 5 6 7;
  1 : 4 5 6 7;
  2 : 5 6;
  3 : 7;
  4 : 0 1 6 7;
  5 : 0 1 2;
  6 : 0 1 2 4 7;
  7 : 0 1 3 4 6;

Graph 4163, order 8.
  0 : 4 5 6 7;
  1 : 4 5 6 7;
  2 : 5 6;
  3 : 7;
  4 : 0 1 6 7;
  5 : 0 1 2 7;
  6 : 0 1 2 4;
  7 : 0 1 3 4 5;

Graph 4164, order 8.
  0 : 4 5 6 7;
  1 : 4 5 6 7;
  2 : 5 6;
  3 : 7;
  4 : 0 1 6 7;
  5 : 0 1 2 7;
  6 : 0 1 2 4 7;
  7 : 0 1 3 4 5 6;

Graph 4165, order 8.
  0 : 4 5 6 7;
  1 : 4 5 6 7;
  2 : 5 6 7;
  3 : 7;
  4 : 0 1 6;
  5 : 0 1 2;
  6 : 0 1 2 4;
  7 : 0 1 2 3;

Graph 4166, order 8.
  0 : 4 5 6 7;
  1 : 4 5 6 7;
  2 : 5 6 7;
  3 : 7;
  4 : 0 1 6;
  5 : 0 1 2 7;
  6 : 0 1 2 4;
  7 : 0 1 2 3 5;

Graph 4167, order 8.
  0 : 4 5 6 7;
  1 : 4 5 6 7;
  2 : 5 6 7;
  3 : 7;
  4 : 0 1 6;
  5 : 0 1 2 7;
  6 : 0 1 2 4 7;
  7 : 0 1 2 3 5 6;

Graph 4168, order 8.
  0 : 4 5 6 7;
  1 : 4 5 6 7;
  2 : 5 6 7;
  3 : 7;
  4 : 0 1 6 7;
  5 : 0 1 2;
  6 : 0 1 2 4;
  7 : 0 1 2 3 4;

Graph 4169, order 8.
  0 : 4 5 6 7;
  1 : 4 5 6 7;
  2 : 5 6 7;
  3 : 7;
  4 : 0 1 6 7;
  5 : 0 1 2;
  6 : 0 1 2 4 7;
  7 : 0 1 2 3 4 6;

Graph 4170, order 8.
  0 : 4 5 6 7;
  1 : 4 5 6 7;
  2 : 5 6 7;
  3 : 7;
  4 : 0 1 6 7;
  5 : 0 1 2 7;
  6 : 0 1 2 4;
  7 : 0 1 2 3 4 5;

Graph 4171, order 8.
  0 : 4 5 6 7;
  1 : 4 5 6 7;
  2 : 5 6 7;
  3 : 7;
  4 : 0 1 6 7;
  5 : 0 1 2 7;
  6 : 0 1 2 4 7;
  7 : 0 1 2 3 4 5 6;

Graph 4172, order 8.
  0 : 4 5 6 7;
  1 : 4 5 6 7;
  2 : 5 6;
  3 : 7;
  4 : 0 1 6 7;
  5 : 0 1 2 6 7;
  6 : 0 1 2 4 5 7;
  7 : 0 1 3 4 5 6;

Graph 4173, order 8.
  0 : 4 5 6 7;
  1 : 4 5 6 7;
  2 : 5 6 7;
  3 : 7;
  4 : 0 1 6 7;
  5 : 0 1 2 6;
  6 : 0 1 2 4 5;
  7 : 0 1 2 3 4;

Graph 4174, order 8.
  0 : 4 5 6 7;
  1 : 4 5 6 7;
  2 : 5 6 7;
  3 : 7;
  4 : 0 1 6 7;
  5 : 0 1 2 6;
  6 : 0 1 2 4 5 7;
  7 : 0 1 2 3 4 6;

Graph 4175, order 8.
  0 : 4 5 6 7;
  1 : 4 5 6 7;
  2 : 5 6 7;
  3 : 7;
  4 : 0 1 6 7;
  5 : 0 1 2 6 7;
  6 : 0 1 2 4 5;
  7 : 0 1 2 3 4 5;

Graph 4176, order 8.
  0 : 4 5 6 7;
  1 : 4 5 6 7;
  2 : 5 6 7;
  3 : 7;
  4 : 0 1 6 7;
  5 : 0 1 2 6 7;
  6 : 0 1 2 4 5 7;
  7 : 0 1 2 3 4 5 6;

Graph 4177, order 8.
  0 : 4 5 6 7;
  1 : 4 5 6;
  2 : 5 6;
  3 : 6 7;
  4 : 0 1 7;
  5 : 0 1 2 7;
  6 : 0 1 2 3 7;
  7 : 0 3 4 5 6;

Graph 4178, order 8.
  0 : 4 5 6 7;
  1 : 4 5 6;
  2 : 5 6 7;
  3 : 6 7;
  4 : 0 1 7;
  5 : 0 1 2 7;
  6 : 0 1 2 3;
  7 : 0 2 3 4 5;

Graph 4179, order 8.
  0 : 4 5 6 7;
  1 : 4 5 6;
  2 : 5 6 7;
  3 : 6 7;
  4 : 0 1 7;
  5 : 0 1 2 7;
  6 : 0 1 2 3 7;
  7 : 0 2 3 4 5 6;

Graph 4180, order 8.
  0 : 4 5 6 7;
  1 : 4 5 6 7;
  2 : 5 6;
  3 : 6;
  4 : 0 1 7;
  5 : 0 1 2 7;
  6 : 0 1 2 3 7;
  7 : 0 1 4 5 6;

Graph 4181, order 8.
  0 : 4 5 6 7;
  1 : 4 5 6 7;
  2 : 5 6;
  3 : 6 7;
  4 : 0 1;
  5 : 0 1 2 7;
  6 : 0 1 2 3;
  7 : 0 1 3 5;

Graph 4182, order 8.
  0 : 4 5 6 7;
  1 : 4 5 6 7;
  2 : 5 6;
  3 : 6 7;
  4 : 0 1;
  5 : 0 1 2 7;
  6 : 0 1 2 3 7;
  7 : 0 1 3 5 6;

Graph 4183, order 8.
  0 : 4 5 6 7;
  1 : 4 5 6 7;
  2 : 5 6;
  3 : 6 7;
  4 : 0 1 7;
  5 : 0 1 2;
  6 : 0 1 2 3 7;
  7 : 0 1 3 4 6;

Graph 4184, order 8.
  0 : 4 5 6 7;
  1 : 4 5 6 7;
  2 : 5 6;
  3 : 6 7;
  4 : 0 1 7;
  5 : 0 1 2 7;
  6 : 0 1 2 3;
  7 : 0 1 3 4 5;

Graph 4185, order 8.
  0 : 4 5 6 7;
  1 : 4 5 6 7;
  2 : 5 6;
  3 : 6 7;
  4 : 0 1 7;
  5 : 0 1 2 7;
  6 : 0 1 2 3 7;
  7 : 0 1 3 4 5 6;

Graph 4186, order 8.
  0 : 4 5 6 7;
  1 : 4 5 6 7;
  2 : 5 6 7;
  3 : 6;
  4 : 0 1;
  5 : 0 1 2 7;
  6 : 0 1 2 3;
  7 : 0 1 2 5;

Graph 4187, order 8.
  0 : 4 5 6 7;
  1 : 4 5 6 7;
  2 : 5 6 7;
  3 : 6;
  4 : 0 1 7;
  5 : 0 1 2;
  6 : 0 1 2 3 7;
  7 : 0 1 2 4 6;

Graph 4188, order 8.
  0 : 4 5 6 7;
  1 : 4 5 6 7;
  2 : 5 6 7;
  3 : 6;
  4 : 0 1 7;
  5 : 0 1 2 7;
  6 : 0 1 2 3;
  7 : 0 1 2 4 5;

Graph 4189, order 8.
  0 : 4 5 6 7;
  1 : 4 5 6 7;
  2 : 5 6 7;
  3 : 6;
  4 : 0 1 7;
  5 : 0 1 2 7;
  6 : 0 1 2 3 7;
  7 : 0 1 2 4 5 6;

Graph 4190, order 8.
  0 : 4 5 6 7;
  1 : 4 5 6 7;
  2 : 5 6 7;
  3 : 6 7;
  4 : 0 1;
  5 : 0 1 2;
  6 : 0 1 2 3;
  7 : 0 1 2 3;

Graph 4191, order 8.
  0 : 4 5 6 7;
  1 : 4 5 6 7;
  2 : 5 6 7;
  3 : 6 7;
  4 : 0 1;
  5 : 0 1 2;
  6 : 0 1 2 3 7;
  7 : 0 1 2 3 6;

Graph 4192, order 8.
  0 : 4 5 6 7;
  1 : 4 5 6 7;
  2 : 5 6 7;
  3 : 6 7;
  4 : 0 1;
  5 : 0 1 2 7;
  6 : 0 1 2 3;
  7 : 0 1 2 3 5;

Graph 4193, order 8.
  0 : 4 5 6 7;
  1 : 4 5 6 7;
  2 : 5 6 7;
  3 : 6 7;
  4 : 0 1;
  5 : 0 1 2 7;
  6 : 0 1 2 3 7;
  7 : 0 1 2 3 5 6;

Graph 4194, order 8.
  0 : 4 5 6 7;
  1 : 4 5 6 7;
  2 : 5 6 7;
  3 : 6 7;
  4 : 0 1 7;
  5 : 0 1 2;
  6 : 0 1 2 3;
  7 : 0 1 2 3 4;

Graph 4195, order 8.
  0 : 4 5 6 7;
  1 : 4 5 6 7;
  2 : 5 6 7;
  3 : 6 7;
  4 : 0 1 7;
  5 : 0 1 2;
  6 : 0 1 2 3 7;
  7 : 0 1 2 3 4 6;

Graph 4196, order 8.
  0 : 4 5 6 7;
  1 : 4 5 6 7;
  2 : 5 6 7;
  3 : 6 7;
  4 : 0 1 7;
  5 : 0 1 2 7;
  6 : 0 1 2 3;
  7 : 0 1 2 3 4 5;

Graph 4197, order 8.
  0 : 4 5 6 7;
  1 : 4 5 6 7;
  2 : 5 6 7;
  3 : 6 7;
  4 : 0 1 7;
  5 : 0 1 2 7;
  6 : 0 1 2 3 7;
  7 : 0 1 2 3 4 5 6;

Graph 4198, order 8.
  0 : 4 5 6 7;
  1 : 4 5 6 7;
  2 : 5 6;
  3 : 6 7;
  4 : 0 1 7;
  5 : 0 1 2 6 7;
  6 : 0 1 2 3 5 7;
  7 : 0 1 3 4 5 6;

Graph 4199, order 8.
  0 : 4 5 6 7;
  1 : 4 5 6 7;
  2 : 5 6 7;
  3 : 6;
  4 : 0 1 7;
  5 : 0 1 2 6 7;
  6 : 0 1 2 3 5 7;
  7 : 0 1 2 4 5 6;

Graph 4200, order 8.
  0 : 4 5 6 7;
  1 : 4 5 6 7;
  2 : 5 6 7;
  3 : 6 7;
  4 : 0 1;
  5 : 0 1 2 6 7;
  6 : 0 1 2 3 5 7;
  7 : 0 1 2 3 5 6;

Graph 4201, order 8.
  0 : 4 5 6 7;
  1 : 4 5 6 7;
  2 : 5 6 7;
  3 : 6 7;
  4 : 0 1 7;
  5 : 0 1 2 6;
  6 : 0 1 2 3 5;
  7 : 0 1 2 3 4;

Graph 4202, order 8.
  0 : 4 5 6 7;
  1 : 4 5 6 7;
  2 : 5 6 7;
  3 : 6 7;
  4 : 0 1 7;
  5 : 0 1 2 6;
  6 : 0 1 2 3 5 7;
  7 : 0 1 2 3 4 6;

Graph 4203, order 8.
  0 : 4 5 6 7;
  1 : 4 5 6 7;
  2 : 5 6 7;
  3 : 6 7;
  4 : 0 1 7;
  5 : 0 1 2 6 7;
  6 : 0 1 2 3 5;
  7 : 0 1 2 3 4 5;

Graph 4204, order 8.
  0 : 4 5 6 7;
  1 : 4 5 6 7;
  2 : 5 6 7;
  3 : 6 7;
  4 : 0 1 7;
  5 : 0 1 2 6 7;
  6 : 0 1 2 3 5 7;
  7 : 0 1 2 3 4 5 6;

Graph 4205, order 8.
  0 : 4 5 6 7;
  1 : 4 5 6 7;
  2 : 5 6;
  3 : 6 7;
  4 : 0 1 6 7;
  5 : 0 1 2 7;
  6 : 0 1 2 3 4;
  7 : 0 1 3 4 5;

Graph 4206, order 8.
  0 : 4 5 6 7;
  1 : 4 5 6 7;
  2 : 5 6;
  3 : 6 7;
  4 : 0 1 6 7;
  5 : 0 1 2 7;
  6 : 0 1 2 3 4 7;
  7 : 0 1 3 4 5 6;

Graph 4207, order 8.
  0 : 4 5 6 7;
  1 : 4 5 6 7;
  2 : 5 6 7;
  3 : 6 7;
  4 : 0 1 6 7;
  5 : 0 1 2;
  6 : 0 1 2 3 4;
  7 : 0 1 2 3 4;

Graph 4208, order 8.
  0 : 4 5 6 7;
  1 : 4 5 6 7;
  2 : 5 6 7;
  3 : 6 7;
  4 : 0 1 6 7;
  5 : 0 1 2;
  6 : 0 1 2 3 4 7;
  7 : 0 1 2 3 4 6;

Graph 4209, order 8.
  0 : 4 5 6 7;
  1 : 4 5 6 7;
  2 : 5 6 7;
  3 : 6 7;
  4 : 0 1 6 7;
  5 : 0 1 2 7;
  6 : 0 1 2 3 4;
  7 : 0 1 2 3 4 5;

Graph 4210, order 8.
  0 : 4 5 6 7;
  1 : 4 5 6 7;
  2 : 5 6 7;
  3 : 6 7;
  4 : 0 1 6 7;
  5 : 0 1 2 7;
  6 : 0 1 2 3 4 7;
  7 : 0 1 2 3 4 5 6;

Graph 4211, order 8.
  0 : 4 5 6 7;
  1 : 4 5 6 7;
  2 : 5 6 7;
  3 : 6 7;
  4 : 0 1 6 7;
  5 : 0 1 2 6 7;
  6 : 0 1 2 3 4 5;
  7 : 0 1 2 3 4 5;

Graph 4212, order 8.
  0 : 4 5 6 7;
  1 : 4 5 6 7;
  2 : 5 6 7;
  3 : 6 7;
  4 : 0 1 6 7;
  5 : 0 1 2 6 7;
  6 : 0 1 2 3 4 5 7;
  7 : 0 1 2 3 4 5 6;

Graph 4213, order 8.
  0 : 4 5 6;
  1 : 4 5;
  2 : 5 6 7;
  3 : 6 7;
  4 : 0 1 5 6 7;
  5 : 0 1 2 4 7;
  6 : 0 2 3 4 7;
  7 : 2 3 4 5 6;

Graph 4214, order 8.
  0 : 4 5 6;
  1 : 4 5 7;
  2 : 5 6 7;
  3 : 6;
  4 : 0 1 5 6 7;
  5 : 0 1 2 4 7;
  6 : 0 2 3 4 7;
  7 : 1 2 4 5 6;

Graph 4215, order 8.
  0 : 4 5 6;
  1 : 4 5 7;
  2 : 5 6 7;
  3 : 6 7;
  4 : 0 1 5 6;
  5 : 0 1 2 4 7;
  6 : 0 2 3 4 7;
  7 : 1 2 3 5 6;

Graph 4216, order 8.
  0 : 4 5 6;
  1 : 4 5 7;
  2 : 5 6 7;
  3 : 6 7;
  4 : 0 1 5 6 7;
  5 : 0 1 2 4;
  6 : 0 2 3 4 7;
  7 : 1 2 3 4 6;

Graph 4217, order 8.
  0 : 4 5 6;
  1 : 4 5 7;
  2 : 5 6 7;
  3 : 6 7;
  4 : 0 1 5 6 7;
  5 : 0 1 2 4 7;
  6 : 0 2 3 4;
  7 : 1 2 3 4 5;

Graph 4218, order 8.
  0 : 4 5 6;
  1 : 4 5 7;
  2 : 5 6 7;
  3 : 6 7;
  4 : 0 1 5 6 7;
  5 : 0 1 2 4 7;
  6 : 0 2 3 4 7;
  7 : 1 2 3 4 5 6;

Graph 4219, order 8.
  0 : 4 5 6 7;
  1 : 4 5;
  2 : 5 6;
  3 : 6 7;
  4 : 0 1 5 6 7;
  5 : 0 1 2 4 7;
  6 : 0 2 3 4 7;
  7 : 0 3 4 5 6;

Graph 4220, order 8.
  0 : 4 5 6 7;
  1 : 4 5;
  2 : 5 6 7;
  3 : 6;
  4 : 0 1 5 6 7;
  5 : 0 1 2 4 7;
  6 : 0 2 3 4 7;
  7 : 0 2 4 5 6;

Graph 4221, order 8.
  0 : 4 5 6 7;
  1 : 4 5;
  2 : 5 6 7;
  3 : 6 7;
  4 : 0 1 5 6;
  5 : 0 1 2 4 7;
  6 : 0 2 3 4 7;
  7 : 0 2 3 5 6;

Graph 4222, order 8.
  0 : 4 5 6 7;
  1 : 4 5;
  2 : 5 6 7;
  3 : 6 7;
  4 : 0 1 5 6 7;
  5 : 0 1 2 4;
  6 : 0 2 3 4 7;
  7 : 0 2 3 4 6;

Graph 4223, order 8.
  0 : 4 5 6 7;
  1 : 4 5;
  2 : 5 6 7;
  3 : 6 7;
  4 : 0 1 5 6 7;
  5 : 0 1 2 4 7;
  6 : 0 2 3 4;
  7 : 0 2 3 4 5;

Graph 4224, order 8.
  0 : 4 5 6 7;
  1 : 4 5;
  2 : 5 6 7;
  3 : 6 7;
  4 : 0 1 5 6 7;
  5 : 0 1 2 4 7;
  6 : 0 2 3 4 7;
  7 : 0 2 3 4 5 6;

Graph 4225, order 8.
  0 : 4 5 6 7;
  1 : 4 5 7;
  2 : 5 6;
  3 : 6;
  4 : 0 1 5 6 7;
  5 : 0 1 2 4 7;
  6 : 0 2 3 4 7;
  7 : 0 1 4 5 6;

Graph 4226, order 8.
  0 : 4 5 6 7;
  1 : 4 5 7;
  2 : 5 6;
  3 : 6 7;
  4 : 0 1 5 6;
  5 : 0 1 2 4 7;
  6 : 0 2 3 4 7;
  7 : 0 1 3 5 6;

Graph 4227, order 8.
  0 : 4 5 6 7;
  1 : 4 5 7;
  2 : 5 6;
  3 : 6 7;
  4 : 0 1 5 6 7;
  5 : 0 1 2 4;
  6 : 0 2 3 4 7;
  7 : 0 1 3 4 6;

Graph 4228, order 8.
  0 : 4 5 6 7;
  1 : 4 5 7;
  2 : 5 6;
  3 : 6 7;
  4 : 0 1 5 6 7;
  5 : 0 1 2 4 7;
  6 : 0 2 3 4;
  7 : 0 1 3 4 5;

Graph 4229, order 8.
  0 : 4 5 6 7;
  1 : 4 5 7;
  2 : 5 6;
  3 : 6 7;
  4 : 0 1 5 6 7;
  5 : 0 1 2 4 7;
  6 : 0 2 3 4 7;
  7 : 0 1 3 4 5 6;

Graph 4230, order 8.
  0 : 4 5 6 7;
  1 : 4 5 7;
  2 : 5 6 7;
  3 : 6;
  4 : 0 1 5 6;
  5 : 0 1 2 4 7;
  6 : 0 2 3 4 7;
  7 : 0 1 2 5 6;

Graph 4231, order 8.
  0 : 4 5 6 7;
  1 : 4 5 7;
  2 : 5 6 7;
  3 : 6;
  4 : 0 1 5 6 7;
  5 : 0 1 2 4;
  6 : 0 2 3 4 7;
  7 : 0 1 2 4 6;

Graph 4232, order 8.
  0 : 4 5 6 7;
  1 : 4 5 7;
  2 : 5 6 7;
  3 : 6;
  4 : 0 1 5 6 7;
  5 : 0 1 2 4 7;
  6 : 0 2 3 4;
  7 : 0 1 2 4 5;

Graph 4233, order 8.
  0 : 4 5 6 7;
  1 : 4 5 7;
  2 : 5 6 7;
  3 : 6;
  4 : 0 1 5 6 7;
  5 : 0 1 2 4 7;
  6 : 0 2 3 4 7;
  7 : 0 1 2 4 5 6;

Graph 4234, order 8.
  0 : 4 5 6 7;
  1 : 4 5 7;
  2 : 5 6 7;
  3 : 6 7;
  4 : 0 1 5 6;
  5 : 0 1 2 4;
  6 : 0 2 3 4 7;
  7 : 0 1 2 3 6;

Graph 4235, order 8.
  0 : 4 5 6 7;
  1 : 4 5 7;
  2 : 5 6 7;
  3 : 6 7;
  4 : 0 1 5 6;
  5 : 0 1 2 4 7;
  6 : 0 2 3 4;
  7 : 0 1 2 3 5;

Graph 4236, order 8.
  0 : 4 5 6 7;
  1 : 4 5 7;
  2 : 5 6 7;
  3 : 6 7;
  4 : 0 1 5 6;
  5 : 0 1 2 4 7;
  6 : 0 2 3 4 7;
  7 : 0 1 2 3 5 6;

Graph 4237, order 8.
  0 : 4 5 6 7;
  1 : 4 5 7;
  2 : 5 6 7;
  3 : 6 7;
  4 : 0 1 5 6 7;
  5 : 0 1 2 4;
  6 : 0 2 3 4;
  7 : 0 1 2 3 4;

Graph 4238, order 8.
  0 : 4 5 6 7;
  1 : 4 5 7;
  2 : 5 6 7;
  3 : 6 7;
  4 : 0 1 5 6 7;
  5 : 0 1 2 4;
  6 : 0 2 3 4 7;
  7 : 0 1 2 3 4 6;

Graph 4239, order 8.
  0 : 4 5 6 7;
  1 : 4 5 7;
  2 : 5 6 7;
  3 : 6 7;
  4 : 0 1 5 6 7;
  5 : 0 1 2 4 7;
  6 : 0 2 3 4;
  7 : 0 1 2 3 4 5;

Graph 4240, order 8.
  0 : 4 5 6 7;
  1 : 4 5 7;
  2 : 5 6 7;
  3 : 6 7;
  4 : 0 1 5 6 7;
  5 : 0 1 2 4 7;
  6 : 0 2 3 4 7;
  7 : 0 1 2 3 4 5 6;

Graph 4241, order 8.
  0 : 4 5 6 7;
  1 : 4 5 6;
  2 : 5 7;
  3 : 6 7;
  4 : 0 1 5 6;
  5 : 0 1 2 4 7;
  6 : 0 1 3 4 7;
  7 : 0 2 3 5 6;

Graph 4242, order 8.
  0 : 4 5 6 7;
  1 : 4 5 6;
  2 : 5 7;
  3 : 6 7;
  4 : 0 1 5 6 7;
  5 : 0 1 2 4 7;
  6 : 0 1 3 4 7;
  7 : 0 2 3 4 5 6;

Graph 4243, order 8.
  0 : 4 5 6 7;
  1 : 4 5 6 7;
  2 : 5;
  3 : 6;
  4 : 0 1 5 6 7;
  5 : 0 1 2 4 7;
  6 : 0 1 3 4 7;
  7 : 0 1 4 5 6;

Graph 4244, order 8.
  0 : 4 5 6 7;
  1 : 4 5 6 7;
  2 : 5;
  3 : 6 7;
  4 : 0 1 5 6 7;
  5 : 0 1 2 4 7;
  6 : 0 1 3 4;
  7 : 0 1 3 4 5;

Graph 4245, order 8.
  0 : 4 5 6 7;
  1 : 4 5 6 7;
  2 : 5 7;
  3 : 6;
  4 : 0 1 5 6;
  5 : 0 1 2 4 7;
  6 : 0 1 3 4 7;
  7 : 0 1 2 5 6;

Graph 4246, order 8.
  0 : 4 5 6 7;
  1 : 4 5 6 7;
  2 : 5 7;
  3 : 6;
  4 : 0 1 5 6 7;
  5 : 0 1 2 4 7;
  6 : 0 1 3 4;
  7 : 0 1 2 4 5;

Graph 4247, order 8.
  0 : 4 5 6 7;
  1 : 4 5 6 7;
  2 : 5 7;
  3 : 6;
  4 : 0 1 5 6 7;
  5 : 0 1 2 4 7;
  6 : 0 1 3 4 7;
  7 : 0 1 2 4 5 6;

Graph 4248, order 8.
  0 : 4 5 6 7;
  1 : 4 5 6 7;
  2 : 5 7;
  3 : 6 7;
  4 : 0 1 5 6;
  5 : 0 1 2 4 7;
  6 : 0 1 3 4 7;
  7 : 0 1 2 3 5 6;

Graph 4249, order 8.
  0 : 4 5 6 7;
  1 : 4 5 6 7;
  2 : 5 7;
  3 : 6 7;
  4 : 0 1 5 6 7;
  5 : 0 1 2 4 7;
  6 : 0 1 3 4;
  7 : 0 1 2 3 4 5;

Graph 4250, order 8.
  0 : 4 5 6 7;
  1 : 4 5 6 7;
  2 : 5 7;
  3 : 6 7;
  4 : 0 1 5 6 7;
  5 : 0 1 2 4 7;
  6 : 0 1 3 4 7;
  7 : 0 1 2 3 4 5 6;

Graph 4251, order 8.
  0 : 4 5 6 7;
  1 : 4 5 6 7;
  2 : 5 7;
  3 : 6 7;
  4 : 0 1 5 6;
  5 : 0 1 2 4 6 7;
  6 : 0 1 3 4 5 7;
  7 : 0 1 2 3 5 6;

Graph 4252, order 8.
  0 : 4 5 6 7;
  1 : 4 5 6 7;
  2 : 5 7;
  3 : 6 7;
  4 : 0 1 5 6 7;
  5 : 0 1 2 4 6 7;
  6 : 0 1 3 4 5 7;
  7 : 0 1 2 3 4 5 6;

Graph 4253, order 8.
  0 : 4 5 6 7;
  1 : 4 5 6;
  2 : 5 6 7;
  3 : 7;
  4 : 0 1 5 6;
  5 : 0 1 2 4 7;
  6 : 0 1 2 4 7;
  7 : 0 2 3 5 6;

Graph 4254, order 8.
  0 : 4 5 6 7;
  1 : 4 5 6;
  2 : 5 6 7;
  3 : 7;
  4 : 0 1 5 6 7;
  5 : 0 1 2 4 7;
  6 : 0 1 2 4 7;
  7 : 0 2 3 4 5 6;

Graph 4255, order 8.
  0 : 4 5 6 7;
  1 : 4 5 6 7;
  2 : 5 6;
  3 : 7;
  4 : 0 1 5 6;
  5 : 0 1 2 4 7;
  6 : 0 1 2 4 7;
  7 : 0 1 3 5 6;

Graph 4256, order 8.
  0 : 4 5 6 7;
  1 : 4 5 6 7;
  2 : 5 6;
  3 : 7;
  4 : 0 1 5 6 7;
  5 : 0 1 2 4 7;
  6 : 0 1 2 4 7;
  7 : 0 1 3 4 5 6;

Graph 4257, order 8.
  0 : 4 5 6 7;
  1 : 4 5 6 7;
  2 : 5 6 7;
  3 : 7;
  4 : 0 1 5 6;
  5 : 0 1 2 4 7;
  6 : 0 1 2 4;
  7 : 0 1 2 3 5;

Graph 4258, order 8.
  0 : 4 5 6 7;
  1 : 4 5 6 7;
  2 : 5 6 7;
  3 : 7;
  4 : 0 1 5 6;
  5 : 0 1 2 4 7;
  6 : 0 1 2 4 7;
  7 : 0 1 2 3 5 6;

Graph 4259, order 8.
  0 : 4 5 6 7;
  1 : 4 5 6 7;
  2 : 5 6 7;
  3 : 7;
  4 : 0 1 5 6 7;
  5 : 0 1 2 4;
  6 : 0 1 2 4;
  7 : 0 1 2 3 4;

Graph 4260, order 8.
  0 : 4 5 6 7;
  1 : 4 5 6 7;
  2 : 5 6 7;
  3 : 7;
  4 : 0 1 5 6 7;
  5 : 0 1 2 4 7;
  6 : 0 1 2 4;
  7 : 0 1 2 3 4 5;

Graph 4261, order 8.
  0 : 4 5 6 7;
  1 : 4 5 6 7;
  2 : 5 6 7;
  3 : 7;
  4 : 0 1 5 6 7;
  5 : 0 1 2 4 7;
  6 : 0 1 2 4 7;
  7 : 0 1 2 3 4 5 6;

Graph 4262, order 8.
  0 : 4 5 6 7;
  1 : 4 5 6 7;
  2 : 5 6;
  3 : 7;
  4 : 0 1 5 6 7;
  5 : 0 1 2 4 6 7;
  6 : 0 1 2 4 5 7;
  7 : 0 1 3 4 5 6;

Graph 4263, order 8.
  0 : 4 5 6 7;
  1 : 4 5 6 7;
  2 : 5 6 7;
  3 : 7;
  4 : 0 1 5 6;
  5 : 0 1 2 4 6 7;
  6 : 0 1 2 4 5 7;
  7 : 0 1 2 3 5 6;

Graph 4264, order 8.
  0 : 4 5 6 7;
  1 : 4 5 6 7;
  2 : 5 6 7;
  3 : 7;
  4 : 0 1 5 6 7;
  5 : 0 1 2 4 6 7;
  6 : 0 1 2 4 5;
  7 : 0 1 2 3 4 5;

Graph 4265, order 8.
  0 : 4 5 6 7;
  1 : 4 5 6 7;
  2 : 5 6 7;
  3 : 7;
  4 : 0 1 5 6 7;
  5 : 0 1 2 4 6 7;
  6 : 0 1 2 4 5 7;
  7 : 0 1 2 3 4 5 6;

Graph 4266, order 8.
  0 : 4 5 6;
  1 : 4 5 6;
  2 : 5 6 7;
  3 : 6 7;
  4 : 0 1 5 7;
  5 : 0 1 2 4 7;
  6 : 0 1 2 3 7;
  7 : 2 3 4 5 6;

Graph 4267, order 8.
  0 : 4 5 6 7;
  1 : 4 5 6;
  2 : 5 6;
  3 : 6 7;
  4 : 0 1 5 7;
  5 : 0 1 2 4 7;
  6 : 0 1 2 3 7;
  7 : 0 3 4 5 6;

Graph 4268, order 8.
  0 : 4 5 6 7;
  1 : 4 5 6;
  2 : 5 6 7;
  3 : 6;
  4 : 0 1 5 7;
  5 : 0 1 2 4 7;
  6 : 0 1 2 3 7;
  7 : 0 2 4 5 6;

Graph 4269, order 8.
  0 : 4 5 6 7;
  1 : 4 5 6;
  2 : 5 6 7;
  3 : 6 7;
  4 : 0 1 5;
  5 : 0 1 2 4 7;
  6 : 0 1 2 3 7;
  7 : 0 2 3 5 6;

Graph 4270, order 8.
  0 : 4 5 6 7;
  1 : 4 5 6;
  2 : 5 6 7;
  3 : 6 7;
  4 : 0 1 5 7;
  5 : 0 1 2 4 7;
  6 : 0 1 2 3 7;
  7 : 0 2 3 4 5 6;

Graph 4271, order 8.
  0 : 4 5 6 7;
  1 : 4 5 6 7;
  2 : 5 6;
  3 : 6;
  4 : 0 1 5 7;
  5 : 0 1 2 4 7;
  6 : 0 1 2 3 7;
  7 : 0 1 4 5 6;

Graph 4272, order 8.
  0 : 4 5 6 7;
  1 : 4 5 6 7;
  2 : 5 6;
  3 : 6 7;
  4 : 0 1 5;
  5 : 0 1 2 4 7;
  6 : 0 1 2 3 7;
  7 : 0 1 3 5 6;

Graph 4273, order 8.
  0 : 4 5 6 7;
  1 : 4 5 6 7;
  2 : 5 6;
  3 : 6 7;
  4 : 0 1 5 7;
  5 : 0 1 2 4;
  6 : 0 1 2 3 7;
  7 : 0 1 3 4 6;

Graph 4274, order 8.
  0 : 4 5 6 7;
  1 : 4 5 6 7;
  2 : 5 6;
  3 : 6 7;
  4 : 0 1 5 7;
  5 : 0 1 2 4 7;
  6 : 0 1 2 3;
  7 : 0 1 3 4 5;

Graph 4275, order 8.
  0 : 4 5 6 7;
  1 : 4 5 6 7;
  2 : 5 6;
  3 : 6 7;
  4 : 0 1 5 7;
  5 : 0 1 2 4 7;
  6 : 0 1 2 3 7;
  7 : 0 1 3 4 5 6;

Graph 4276, order 8.
  0 : 4 5 6 7;
  1 : 4 5 6 7;
  2 : 5 6 7;
  3 : 6;
  4 : 0 1 5;
  5 : 0 1 2 4 7;
  6 : 0 1 2 3 7;
  7 : 0 1 2 5 6;

Graph 4277, order 8.
  0 : 4 5 6 7;
  1 : 4 5 6 7;
  2 : 5 6 7;
  3 : 6;
  4 : 0 1 5 7;
  5 : 0 1 2 4 7;
  6 : 0 1 2 3;
  7 : 0 1 2 4 5;

Graph 4278, order 8.
  0 : 4 5 6 7;
  1 : 4 5 6 7;
  2 : 5 6 7;
  3 : 6;
  4 : 0 1 5 7;
  5 : 0 1 2 4 7;
  6 : 0 1 2 3 7;
  7 : 0 1 2 4 5 6;

Graph 4279, order 8.
  0 : 4 5 6 7;
  1 : 4 5 6 7;
  2 : 5 6 7;
  3 : 6 7;
  4 : 0 1 5;
  5 : 0 1 2 4;
  6 : 0 1 2 3 7;
  7 : 0 1 2 3 6;

Graph 4280, order 8.
  0 : 4 5 6 7;
  1 : 4 5 6 7;
  2 : 5 6 7;
  3 : 6 7;
  4 : 0 1 5;
  5 : 0 1 2 4 7;
  6 : 0 1 2 3 7;
  7 : 0 1 2 3 5 6;

Graph 4281, order 8.
  0 : 4 5 6 7;
  1 : 4 5 6 7;
  2 : 5 6 7;
  3 : 6 7;
  4 : 0 1 5 7;
  5 : 0 1 2 4;
  6 : 0 1 2 3;
  7 : 0 1 2 3 4;

Graph 4282, order 8.
  0 : 4 5 6 7;
  1 : 4 5 6 7;
  2 : 5 6 7;
  3 : 6 7;
  4 : 0 1 5 7;
  5 : 0 1 2 4;
  6 : 0 1 2 3 7;
  7 : 0 1 2 3 4 6;

Graph 4283, order 8.
  0 : 4 5 6 7;
  1 : 4 5 6 7;
  2 : 5 6 7;
  3 : 6 7;
  4 : 0 1 5 7;
  5 : 0 1 2 4 7;
  6 : 0 1 2 3;
  7 : 0 1 2 3 4 5;

Graph 4284, order 8.
  0 : 4 5 6 7;
  1 : 4 5 6 7;
  2 : 5 6 7;
  3 : 6 7;
  4 : 0 1 5 7;
  5 : 0 1 2 4 7;
  6 : 0 1 2 3 7;
  7 : 0 1 2 3 4 5 6;

Graph 4285, order 8.
  0 : 4 5 6 7;
  1 : 4 5 6 7;
  2 : 5 6 7;
  3 : 6 7;
  4 : 0 1 5;
  5 : 0 1 2 4 6 7;
  6 : 0 1 2 3 5 7;
  7 : 0 1 2 3 5 6;

Graph 4286, order 8.
  0 : 4 5 6 7;
  1 : 4 5 6 7;
  2 : 5 6 7;
  3 : 6 7;
  4 : 0 1 5 7;
  5 : 0 1 2 4 6 7;
  6 : 0 1 2 3 5;
  7 : 0 1 2 3 4 5;

Graph 4287, order 8.
  0 : 4 5 6 7;
  1 : 4 5 6 7;
  2 : 5 6 7;
  3 : 6 7;
  4 : 0 1 5 7;
  5 : 0 1 2 4 6 7;
  6 : 0 1 2 3 5 7;
  7 : 0 1 2 3 4 5 6;

Graph 4288, order 8.
  0 : 4 5 6 7;
  1 : 4 5 6 7;
  2 : 5 6;
  3 : 6 7;
  4 : 0 1 5 6 7;
  5 : 0 1 2 4 7;
  6 : 0 1 2 3 4 7;
  7 : 0 1 3 4 5 6;

Graph 4289, order 8.
  0 : 4 5 6 7;
  1 : 4 5 6 7;
  2 : 5 6 7;
  3 : 6 7;
  4 : 0 1 5 6;
  5 : 0 1 2 4 7;
  6 : 0 1 2 3 4;
  7 : 0 1 2 3 5;

Graph 4290, order 8.
  0 : 4 5 6 7;
  1 : 4 5 6 7;
  2 : 5 6 7;
  3 : 6 7;
  4 : 0 1 5 6;
  5 : 0 1 2 4 7;
  6 : 0 1 2 3 4 7;
  7 : 0 1 2 3 5 6;

Graph 4291, order 8.
  0 : 4 5 6 7;
  1 : 4 5 6 7;
  2 : 5 6 7;
  3 : 6 7;
  4 : 0 1 5 6 7;
  5 : 0 1 2 4;
  6 : 0 1 2 3 4 7;
  7 : 0 1 2 3 4 6;

Graph 4292, order 8.
  0 : 4 5 6 7;
  1 : 4 5 6 7;
  2 : 5 6 7;
  3 : 6 7;
  4 : 0 1 5 6 7;
  5 : 0 1 2 4 7;
  6 : 0 1 2 3 4;
  7 : 0 1 2 3 4 5;

Graph 4293, order 8.
  0 : 4 5 6 7;
  1 : 4 5 6 7;
  2 : 5 6 7;
  3 : 6 7;
  4 : 0 1 5 6 7;
  5 : 0 1 2 4 7;
  6 : 0 1 2 3 4 7;
  7 : 0 1 2 3 4 5 6;

Graph 4294, order 8.
  0 : 4 5 6 7;
  1 : 4 5 6 7;
  2 : 5 6 7;
  3 : 6 7;
  4 : 0 1 5 6 7;
  5 : 0 1 2 4 6 7;
  6 : 0 1 2 3 4 5 7;
  7 : 0 1 2 3 4 5 6;

Graph 4295, order 8.
  0 : 4 5 6;
  1 : 4 5 6;
  2 : 5 6 7;
  3 : 5 6 7;
  4 : 0 1 7;
  5 : 0 1 2 3 7;
  6 : 0 1 2 3 7;
  7 : 2 3 4 5 6;

Graph 4296, order 8.
  0 : 4 5 6 7;
  1 : 4 5 6;
  2 : 5 6 7;
  3 : 5 6;
  4 : 0 1 7;
  5 : 0 1 2 3 7;
  6 : 0 1 2 3 7;
  7 : 0 2 4 5 6;

Graph 4297, order 8.
  0 : 4 5 6 7;
  1 : 4 5 6;
  2 : 5 6 7;
  3 : 5 6 7;
  4 : 0 1;
  5 : 0 1 2 3 7;
  6 : 0 1 2 3 7;
  7 : 0 2 3 5 6;

Graph 4298, order 8.
  0 : 4 5 6 7;
  1 : 4 5 6;
  2 : 5 6 7;
  3 : 5 6 7;
  4 : 0 1 7;
  5 : 0 1 2 3 7;
  6 : 0 1 2 3 7;
  7 : 0 2 3 4 5 6;

Graph 4299, order 8.
  0 : 4 5 6 7;
  1 : 4 5 6 7;
  2 : 5 6;
  3 : 5 6;
  4 : 0 1 7;
  5 : 0 1 2 3 7;
  6 : 0 1 2 3 7;
  7 : 0 1 4 5 6;

Graph 4300, order 8.
  0 : 4 5 6 7;
  1 : 4 5 6 7;
  2 : 5 6 7;
  3 : 5 6;
  4 : 0 1;
  5 : 0 1 2 3 7;
  6 : 0 1 2 3 7;
  7 : 0 1 2 5 6;

Graph 4301, order 8.
  0 : 4 5 6 7;
  1 : 4 5 6 7;
  2 : 5 6 7;
  3 : 5 6;
  4 : 0 1 7;
  5 : 0 1 2 3 7;
  6 : 0 1 2 3;
  7 : 0 1 2 4 5;

Graph 4302, order 8.
  0 : 4 5 6 7;
  1 : 4 5 6 7;
  2 : 5 6 7;
  3 : 5 6;
  4 : 0 1 7;
  5 : 0 1 2 3 7;
  6 : 0 1 2 3 7;
  7 : 0 1 2 4 5 6;

Graph 4303, order 8.
  0 : 4 5 6 7;
  1 : 4 5 6 7;
  2 : 5 6 7;
  3 : 5 6 7;
  4 : 0 1;
  5 : 0 1 2 3 7;
  6 : 0 1 2 3;
  7 : 0 1 2 3 5;

Graph 4304, order 8.
  0 : 4 5 6 7;
  1 : 4 5 6 7;
  2 : 5 6 7;
  3 : 5 6 7;
  4 : 0 1;
  5 : 0 1 2 3 7;
  6 : 0 1 2 3 7;
  7 : 0 1 2 3 5 6;

Graph 4305, order 8.
  0 : 4 5 6 7;
  1 : 4 5 6 7;
  2 : 5 6 7;
  3 : 5 6 7;
  4 : 0 1 7;
  5 : 0 1 2 3;
  6 : 0 1 2 3;
  7 : 0 1 2 3 4;

Graph 4306, order 8.
  0 : 4 5 6 7;
  1 : 4 5 6 7;
  2 : 5 6 7;
  3 : 5 6 7;
  4 : 0 1 7;
  5 : 0 1 2 3 7;
  6 : 0 1 2 3;
  7 : 0 1 2 3 4 5;

Graph 4307, order 8.
  0 : 4 5 6 7;
  1 : 4 5 6 7;
  2 : 5 6 7;
  3 : 5 6 7;
  4 : 0 1 7;
  5 : 0 1 2 3 7;
  6 : 0 1 2 3 7;
  7 : 0 1 2 3 4 5 6;

Graph 4308, order 8.
  0 : 4 5 6 7;
  1 : 4 5 6 7;
  2 : 5 6 7;
  3 : 5 6 7;
  4 : 0 1;
  5 : 0 1 2 3 6 7;
  6 : 0 1 2 3 5 7;
  7 : 0 1 2 3 5 6;

Graph 4309, order 8.
  0 : 4 5 6 7;
  1 : 4 5 6 7;
  2 : 5 6 7;
  3 : 5 6 7;
  4 : 0 1 7;
  5 : 0 1 2 3 6 7;
  6 : 0 1 2 3 5;
  7 : 0 1 2 3 4 5;

Graph 4310, order 8.
  0 : 4 5 6 7;
  1 : 4 5 6 7;
  2 : 5 6 7;
  3 : 5 6 7;
  4 : 0 1 7;
  5 : 0 1 2 3 6 7;
  6 : 0 1 2 3 5 7;
  7 : 0 1 2 3 4 5 6;

Graph 4311, order 8.
  0 : 4 5 6 7;
  1 : 4 5 6 7;
  2 : 5 6 7;
  3 : 5 6 7;
  4 : 0 1 6;
  5 : 0 1 2 3 7;
  6 : 0 1 2 3 4;
  7 : 0 1 2 3 5;

Graph 4312, order 8.
  0 : 4 5 6 7;
  1 : 4 5 6 7;
  2 : 5 6 7;
  3 : 5 6 7;
  4 : 0 1 6 7;
  5 : 0 1 2 3;
  6 : 0 1 2 3 4;
  7 : 0 1 2 3 4;

Graph 4313, order 8.
  0 : 4 5 6 7;
  1 : 4 5 6 7;
  2 : 5 6 7;
  3 : 5 6 7;
  4 : 0 1 6 7;
  5 : 0 1 2 3;
  6 : 0 1 2 3 4 7;
  7 : 0 1 2 3 4 6;

Graph 4314, order 8.
  0 : 4 5 6 7;
  1 : 4 5 6 7;
  2 : 5 6 7;
  3 : 5 6 7;
  4 : 0 1 6 7;
  5 : 0 1 2 3 7;
  6 : 0 1 2 3 4;
  7 : 0 1 2 3 4 5;

Graph 4315, order 8.
  0 : 4 5 6 7;
  1 : 4 5 6 7;
  2 : 5 6 7;
  3 : 5 6 7;
  4 : 0 1 6 7;
  5 : 0 1 2 3 7;
  6 : 0 1 2 3 4 7;
  7 : 0 1 2 3 4 5 6;

Graph 4316, order 8.
  0 : 4 5 6 7;
  1 : 4 5 6 7;
  2 : 5 6 7;
  3 : 5 6 7;
  4 : 0 1 6 7;
  5 : 0 1 2 3 6 7;
  6 : 0 1 2 3 4 5 7;
  7 : 0 1 2 3 4 5 6;

Graph 4317, order 8.
  0 : 4 5 6 7;
  1 : 4 5 6;
  2 : 5 6 7;
  3 : 5 6 7;
  4 : 0 1 5 6 7;
  5 : 0 1 2 3 4 7;
  6 : 0 1 2 3 4 7;
  7 : 0 2 3 4 5 6;

Graph 4318, order 8.
  0 : 4 5 6 7;
  1 : 4 5 6 7;
  2 : 5 6 7;
  3 : 5 6;
  4 : 0 1 5 6 7;
  5 : 0 1 2 3 4 7;
  6 : 0 1 2 3 4 7;
  7 : 0 1 2 4 5 6;

Graph 4319, order 8.
  0 : 4 5 6 7;
  1 : 4 5 6 7;
  2 : 5 6 7;
  3 : 5 6 7;
  4 : 0 1 5 6;
  5 : 0 1 2 3 4 7;
  6 : 0 1 2 3 4 7;
  7 : 0 1 2 3 5 6;

Graph 4320, order 8.
  0 : 4 5 6 7;
  1 : 4 5 6 7;
  2 : 5 6 7;
  3 : 5 6 7;
  4 : 0 1 5 6 7;
  5 : 0 1 2 3 4 7;
  6 : 0 1 2 3 4;
  7 : 0 1 2 3 4 5;

Graph 4321, order 8.
  0 : 4 5 6 7;
  1 : 4 5 6 7;
  2 : 5 6 7;
  3 : 5 6 7;
  4 : 0 1 5 6 7;
  5 : 0 1 2 3 4 7;
  6 : 0 1 2 3 4 7;
  7 : 0 1 2 3 4 5 6;

Graph 4322, order 8.
  0 : 4 5 6 7;
  1 : 4 5 6 7;
  2 : 5 6 7;
  3 : 5 6 7;
  4 : 0 1 5 6 7;
  5 : 0 1 2 3 4 6 7;
  6 : 0 1 2 3 4 5 7;
  7 : 0 1 2 3 4 5 6;

Graph 4323, order 8.
  0 : 4 5 6;
  1 : 4 5;
  2 : 4 6 7;
  3 : 5 6 7;
  4 : 0 1 2 7;
  5 : 0 1 3 7;
  6 : 0 2 3;
  7 : 2 3 4 5;

Graph 4324, order 8.
  0 : 4 5 6;
  1 : 4 5 7;
  2 : 4 6;
  3 : 5 6;
  4 : 0 1 2 7;
  5 : 0 1 3 7;
  6 : 0 2 3 7;
  7 : 1 4 5 6;

Graph 4325, order 8.
  0 : 4 5 6;
  1 : 4 5 7;
  2 : 4 6 7;
  3 : 5 6;
  4 : 0 1 2 7;
  5 : 0 1 3 7;
  6 : 0 2 3;
  7 : 1 2 4 5;

Graph 4326, order 8.
  0 : 4 5 6;
  1 : 4 5 7;
  2 : 4 6 7;
  3 : 5 6;
  4 : 0 1 2 7;
  5 : 0 1 3 7;
  6 : 0 2 3 7;
  7 : 1 2 4 5 6;

Graph 4327, order 8.
  0 : 4 5 6;
  1 : 4 5 7;
  2 : 4 6 7;
  3 : 5 6 7;
  4 : 0 1 2;
  5 : 0 1 3;
  6 : 0 2 3;
  7 : 1 2 3;

Graph 4328, order 8.
  0 : 4 5 6;
  1 : 4 5 7;
  2 : 4 6 7;
  3 : 5 6 7;
  4 : 0 1 2 7;
  5 : 0 1 3;
  6 : 0 2 3;
  7 : 1 2 3 4;

Graph 4329, order 8.
  0 : 4 5 6;
  1 : 4 5 7;
  2 : 4 6 7;
  3 : 5 6 7;
  4 : 0 1 2 7;
  5 : 0 1 3 7;
  6 : 0 2 3;
  7 : 1 2 3 4 5;

Graph 4330, order 8.
  0 : 4 5 6;
  1 : 4 5 7;
  2 : 4 6 7;
  3 : 5 6 7;
  4 : 0 1 2 7;
  5 : 0 1 3 7;
  6 : 0 2 3 7;
  7 : 1 2 3 4 5 6;

Graph 4331, order 8.
  0 : 4 5 6 7;
  1 : 4 5;
  2 : 4 6;
  3 : 5 6;
  4 : 0 1 2 7;
  5 : 0 1 3 7;
  6 : 0 2 3 7;
  7 : 0 4 5 6;

Graph 4332, order 8.
  0 : 4 5 6 7;
  1 : 4 5;
  2 : 4 6 7;
  3 : 5 6;
  4 : 0 1 2 7;
  5 : 0 1 3 7;
  6 : 0 2 3;
  7 : 0 2 4 5;

Graph 4333, order 8.
  0 : 4 5 6 7;
  1 : 4 5;
  2 : 4 6 7;
  3 : 5 6 7;
  4 : 0 1 2 7;
  5 : 0 1 3 7;
  6 : 0 2 3;
  7 : 0 2 3 4 5;

Graph 4334, order 8.
  0 : 4 5 6 7;
  1 : 4 5 7;
  2 : 4 6;
  3 : 5 6;
  4 : 0 1 2 7;
  5 : 0 1 3 7;
  6 : 0 2 3;
  7 : 0 1 4 5;

Graph 4335, order 8.
  0 : 4 5 6 7;
  1 : 4 5 7;
  2 : 4 6;
  3 : 5 6;
  4 : 0 1 2 7;
  5 : 0 1 3 7;
  6 : 0 2 3 7;
  7 : 0 1 4 5 6;

Graph 4336, order 8.
  0 : 4 5 6 7;
  1 : 4 5 7;
  2 : 4 6 7;
  3 : 5 6;
  4 : 0 1 2 7;
  5 : 0 1 3 7;
  6 : 0 2 3;
  7 : 0 1 2 4 5;

Graph 4337, order 8.
  0 : 4 5 6 7;
  1 : 4 5 7;
  2 : 4 6 7;
  3 : 5 6;
  4 : 0 1 2 7;
  5 : 0 1 3 7;
  6 : 0 2 3 7;
  7 : 0 1 2 4 5 6;

Graph 4338, order 8.
  0 : 4 5 6 7;
  1 : 4 5 7;
  2 : 4 6 7;
  3 : 5 6 7;
  4 : 0 1 2;
  5 : 0 1 3;
  6 : 0 2 3;
  7 : 0 1 2 3;

Graph 4339, order 8.
  0 : 4 5 6 7;
  1 : 4 5 7;
  2 : 4 6 7;
  3 : 5 6 7;
  4 : 0 1 2 7;
  5 : 0 1 3;
  6 : 0 2 3;
  7 : 0 1 2 3 4;

Graph 4340, order 8.
  0 : 4 5 6 7;
  1 : 4 5 7;
  2 : 4 6 7;
  3 : 5 6 7;
  4 : 0 1 2 7;
  5 : 0 1 3 7;
  6 : 0 2 3;
  7 : 0 1 2 3 4 5;

Graph 4341, order 8.
  0 : 4 5 6 7;
  1 : 4 5 7;
  2 : 4 6 7;
  3 : 5 6 7;
  4 : 0 1 2 7;
  5 : 0 1 3 7;
  6 : 0 2 3 7;
  7 : 0 1 2 3 4 5 6;

Graph 4342, order 8.
  0 : 4 5 6;
  1 : 4 5 7;
  2 : 4 6 7;
  3 : 5 6 7;
  4 : 0 1 2 6;
  5 : 0 1 3 7;
  6 : 0 2 3 4;
  7 : 1 2 3 5;

Graph 4343, order 8.
  0 : 4 5 6;
  1 : 4 5 7;
  2 : 4 6 7;
  3 : 5 6 7;
  4 : 0 1 2 6 7;
  5 : 0 1 3;
  6 : 0 2 3 4 7;
  7 : 1 2 3 4 6;

Graph 4344, order 8.
  0 : 4 5 6;
  1 : 4 5 7;
  2 : 4 6 7;
  3 : 5 6 7;
  4 : 0 1 2 6 7;
  5 : 0 1 3 7;
  6 : 0 2 3 4;
  7 : 1 2 3 4 5;

Graph 4345, order 8.
  0 : 4 5 6;
  1 : 4 5 7;
  2 : 4 6 7;
  3 : 5 6 7;
  4 : 0 1 2 6 7;
  5 : 0 1 3 7;
  6 : 0 2 3 4 7;
  7 : 1 2 3 4 5 6;

Graph 4346, order 8.
  0 : 4 5 6 7;
  1 : 4 5;
  2 : 4 6 7;
  3 : 5 6 7;
  4 : 0 1 2 6 7;
  5 : 0 1 3 7;
  6 : 0 2 3 4;
  7 : 0 2 3 4 5;

Graph 4347, order 8.
  0 : 4 5 6 7;
  1 : 4 5 7;
  2 : 4 6;
  3 : 5 6 7;
  4 : 0 1 2 6 7;
  5 : 0 1 3;
  6 : 0 2 3 4 7;
  7 : 0 1 3 4 6;

Graph 4348, order 8.
  0 : 4 5 6 7;
  1 : 4 5 7;
  2 : 4 6;
  3 : 5 6 7;
  4 : 0 1 2 6 7;
  5 : 0 1 3 7;
  6 : 0 2 3 4;
  7 : 0 1 3 4 5;

Graph 4349, order 8.
  0 : 4 5 6 7;
  1 : 4 5 7;
  2 : 4 6;
  3 : 5 6 7;
  4 : 0 1 2 6 7;
  5 : 0 1 3 7;
  6 : 0 2 3 4 7;
  7 : 0 1 3 4 5 6;

Graph 4350, order 8.
  0 : 4 5 6 7;
  1 : 4 5 7;
  2 : 4 6 7;
  3 : 5 6;
  4 : 0 1 2 6 7;
  5 : 0 1 3 7;
  6 : 0 2 3 4;
  7 : 0 1 2 4 5;

Graph 4351, order 8.
  0 : 4 5 6 7;
  1 : 4 5 7;
  2 : 4 6 7;
  3 : 5 6;
  4 : 0 1 2 6 7;
  5 : 0 1 3 7;
  6 : 0 2 3 4 7;
  7 : 0 1 2 4 5 6;

Graph 4352, order 8.
  0 : 4 5 6 7;
  1 : 4 5 7;
  2 : 4 6 7;
  3 : 5 6 7;
  4 : 0 1 2 6;
  5 : 0 1 3 7;
  6 : 0 2 3 4;
  7 : 0 1 2 3 5;

Graph 4353, order 8.
  0 : 4 5 6 7;
  1 : 4 5 7;
  2 : 4 6 7;
  3 : 5 6 7;
  4 : 0 1 2 6 7;
  5 : 0 1 3;
  6 : 0 2 3 4;
  7 : 0 1 2 3 4;

Graph 4354, order 8.
  0 : 4 5 6 7;
  1 : 4 5 7;
  2 : 4 6 7;
  3 : 5 6 7;
  4 : 0 1 2 6 7;
  5 : 0 1 3;
  6 : 0 2 3 4 7;
  7 : 0 1 2 3 4 6;

Graph 4355, order 8.
  0 : 4 5 6 7;
  1 : 4 5 7;
  2 : 4 6 7;
  3 : 5 6 7;
  4 : 0 1 2 6 7;
  5 : 0 1 3 7;
  6 : 0 2 3 4;
  7 : 0 1 2 3 4 5;

Graph 4356, order 8.
  0 : 4 5 6 7;
  1 : 4 5 7;
  2 : 4 6 7;
  3 : 5 6 7;
  4 : 0 1 2 6 7;
  5 : 0 1 3 7;
  6 : 0 2 3 4 7;
  7 : 0 1 2 3 4 5 6;

Graph 4357, order 8.
  0 : 4 5 6;
  1 : 4 5 7;
  2 : 4 6 7;
  3 : 5 6 7;
  4 : 0 1 2 6 7;
  5 : 0 1 3 6 7;
  6 : 0 2 3 4 5;
  7 : 1 2 3 4 5;

Graph 4358, order 8.
  0 : 4 5 6;
  1 : 4 5 7;
  2 : 4 6 7;
  3 : 5 6 7;
  4 : 0 1 2 6 7;
  5 : 0 1 3 6 7;
  6 : 0 2 3 4 5 7;
  7 : 1 2 3 4 5 6;

Graph 4359, order 8.
  0 : 4 5 6 7;
  1 : 4 5;
  2 : 4 6 7;
  3 : 5 6 7;
  4 : 0 1 2 6 7;
  5 : 0 1 3 6 7;
  6 : 0 2 3 4 5;
  7 : 0 2 3 4 5;

Graph 4360, order 8.
  0 : 4 5 6 7;
  1 : 4 5;
  2 : 4 6 7;
  3 : 5 6 7;
  4 : 0 1 2 6 7;
  5 : 0 1 3 6 7;
  6 : 0 2 3 4 5 7;
  7 : 0 2 3 4 5 6;

Graph 4361, order 8.
  0 : 4 5 6 7;
  1 : 4 5 7;
  2 : 4 6 7;
  3 : 5 6;
  4 : 0 1 2 6 7;
  5 : 0 1 3 6 7;
  6 : 0 2 3 4 5;
  7 : 0 1 2 4 5;

Graph 4362, order 8.
  0 : 4 5 6 7;
  1 : 4 5 7;
  2 : 4 6 7;
  3 : 5 6;
  4 : 0 1 2 6 7;
  5 : 0 1 3 6 7;
  6 : 0 2 3 4 5 7;
  7 : 0 1 2 4 5 6;

Graph 4363, order 8.
  0 : 4 5 6 7;
  1 : 4 5 7;
  2 : 4 6 7;
  3 : 5 6 7;
  4 : 0 1 2 6 7;
  5 : 0 1 3 6;
  6 : 0 2 3 4 5 7;
  7 : 0 1 2 3 4 6;

Graph 4364, order 8.
  0 : 4 5 6 7;
  1 : 4 5 7;
  2 : 4 6 7;
  3 : 5 6 7;
  4 : 0 1 2 6 7;
  5 : 0 1 3 6 7;
  6 : 0 2 3 4 5;
  7 : 0 1 2 3 4 5;

Graph 4365, order 8.
  0 : 4 5 6 7;
  1 : 4 5 7;
  2 : 4 6 7;
  3 : 5 6 7;
  4 : 0 1 2 6 7;
  5 : 0 1 3 6 7;
  6 : 0 2 3 4 5 7;
  7 : 0 1 2 3 4 5 6;

Graph 4366, order 8.
  0 : 4 5 6 7;
  1 : 4 5 6;
  2 : 4 7;
  3 : 5 6 7;
  4 : 0 1 2 6 7;
  5 : 0 1 3 7;
  6 : 0 1 3 4;
  7 : 0 2 3 4 5;

Graph 4367, order 8.
  0 : 4 5 6 7;
  1 : 4 5 6;
  2 : 4 7;
  3 : 5 6 7;
  4 : 0 1 2 6 7;
  5 : 0 1 3 7;
  6 : 0 1 3 4 7;
  7 : 0 2 3 4 5 6;

Graph 4368, order 8.
  0 : 4 5 6 7;
  1 : 4 5 6 7;
  2 : 4;
  3 : 5 6 7;
  4 : 0 1 2 6;
  5 : 0 1 3 7;
  6 : 0 1 3 4 7;
  7 : 0 1 3 5 6;

Graph 4369, order 8.
  0 : 4 5 6 7;
  1 : 4 5 6 7;
  2 : 4;
  3 : 5 6 7;
  4 : 0 1 2 6 7;
  5 : 0 1 3;
  6 : 0 1 3 4 7;
  7 : 0 1 3 4 6;

Graph 4370, order 8.
  0 : 4 5 6 7;
  1 : 4 5 6 7;
  2 : 4;
  3 : 5 6 7;
  4 : 0 1 2 6 7;
  5 : 0 1 3 7;
  6 : 0 1 3 4;
  7 : 0 1 3 4 5;

Graph 4371, order 8.
  0 : 4 5 6 7;
  1 : 4 5 6 7;
  2 : 4;
  3 : 5 6 7;
  4 : 0 1 2 6 7;
  5 : 0 1 3 7;
  6 : 0 1 3 4 7;
  7 : 0 1 3 4 5 6;

Graph 4372, order 8.
  0 : 4 5 6 7;
  1 : 4 5 6 7;
  2 : 4 7;
  3 : 5 6;
  4 : 0 1 2 6;
  5 : 0 1 3 7;
  6 : 0 1 3 4 7;
  7 : 0 1 2 5 6;

Graph 4373, order 8.
  0 : 4 5 6 7;
  1 : 4 5 6 7;
  2 : 4 7;
  3 : 5 6;
  4 : 0 1 2 6 7;
  5 : 0 1 3 7;
  6 : 0 1 3 4;
  7 : 0 1 2 4 5;

Graph 4374, order 8.
  0 : 4 5 6 7;
  1 : 4 5 6 7;
  2 : 4 7;
  3 : 5 6;
  4 : 0 1 2 6 7;
  5 : 0 1 3 7;
  6 : 0 1 3 4 7;
  7 : 0 1 2 4 5 6;

Graph 4375, order 8.
  0 : 4 5 6 7;
  1 : 4 5 6 7;
  2 : 4 7;
  3 : 5 6 7;
  4 : 0 1 2 6;
  5 : 0 1 3 7;
  6 : 0 1 3 4;
  7 : 0 1 2 3 5;

Graph 4376, order 8.
  0 : 4 5 6 7;
  1 : 4 5 6 7;
  2 : 4 7;
  3 : 5 6 7;
  4 : 0 1 2 6;
  5 : 0 1 3 7;
  6 : 0 1 3 4 7;
  7 : 0 1 2 3 5 6;